226
0.0 0.033333333 0.01 53.48527762903662
1.0 0.0 0.01125 53.0609190336311
2.0 0.0 0.01 53.056676344542225
3.0 0.0 -0.01 52.28748537479694
4.0 0.0 -0.01125 52.28842956050517
5.0 0.033333333 0.007916667 53.481667837404544
6.0 0.012670417 -2.575E-4 50.8840608632606
7.0 0.012631667 0.001394167 51.47764611829813
8.0 0.01014875 0.006048333 53.015445399570815
9.0 0.019887917 0.007916667 53.33881495201
10.0 0.021381667 0.007916667 53.36882033046627
11.0 0.022875833 0.007916667 53.39527589529015
12.0 0.024369583 0.007916667 53.41819197424797
13.0 0.02586375 0.007916667 53.437589133702765
14.0 0.0273575 0.007916667 53.453448437636574
15.0 0.028851667 0.007916667 53.46577550193875
16.0 0.030345417 0.007916667 53.47457778979289
17.0 0.031839583 0.007916667 53.47988793562102
18.0 0.033333333 0.006535 51.69589686401063
19.0 0.033333333 0.004621667 49.21090549484125
20.0 0.033333333 0.002176667 45.98082056386943
21.0 0.033333333 -7.99167E-4 41.91352405912331
22.0 0.033333333 -0.004307083 36.86962887979286
23.0 0.033333333 -0.00834625 30.676368599276856
24.0 0.033333333 -0.012916667 23.271240913045016
25.0 0.029100417 -0.012916667 23.33283041988594
26.0 0.025132083 -0.012916667 23.526101860506422
27.0 0.02142875 -0.012916667 23.889697449843457
28.0 0.017989583 -0.012916667 24.532747452247538
29.0 0.014815 -0.012916667 25.47606171941953
30.0 0.011904583 -0.012916667 26.87210506955717
31.0 0.009259167 -0.012916667 28.787179843448104
32.0 0.006878333 -0.012916667 31.259286290556197
33.0 0.004762083 -0.012916667 33.531432114398484
34.0 0.00291 -0.012916667 35.817873559754595
35.0 0.001322917 -0.012916667 36.980942241901616
36.0 0.0 -0.012916667 37.34392080055599
37.0 0.010166667 -0.007949583 45.851512471547146
38.0 0.012577083 -0.001876667 50.125707327068945
39.0 0.012294167 -0.00349875 49.20387313006612
40.0 0.011780417 -0.005080833 48.1873986474159
41.0 0.011055 -0.0065625 47.12468949299706
42.0 0.00910625 -0.0093175 43.99784923879924
43.0 0.007727083 -0.010859583 40.56259144215293
44.0 0.005884583 -0.011342917 42.01586107010296
45.0 0.031925 0.0064375 51.573334517091745
46.0 0.0 -0.012083333 44.66417685772888
47.0 0.00148875 -0.011139167 52.291777381910826
48.0 0.002952083 -0.010845833 52.30140716344753
49.0 0.004362917 -0.01035875 52.31698913015919
50.0 0.005697917 -0.009690833 52.33831862463545
51.0 0.006930417 -0.008849167 52.36573250426344
52.0 0.008040833 -0.007851667 52.399281981588885
53.0 0.0090175 -0.006722917 52.437864903501286
54.0 0.00982 -0.005464167 52.48153135659168
55.0 0.010459583 -0.004115833 52.530492794270074
56.0 0.010911667 -0.002693333 52.58500768258611
57.0 0.011176667 -0.001224167 52.64513588428387
58.0 0.01122875 2.67083E-4 52.7099146818401
59.0 0.0111025 0.001754167 52.77951092342307
60.0 0.010765833 0.00320875 52.85437236054322
61.0 0.010270417 0.004616667 52.93737697908801
62.0 0.0111675 0.00713375 53.07478617229109
63.0 0.01242125 0.007887917 53.129042637584554
64.0 0.013911667 0.007916667 53.18220011698827
65.0 0.015405833 0.007916667 53.2272208746348
66.0 0.0169 0.007916667 53.26804753987749
67.0 0.01839375 0.007916667 53.305223284979625
68.0 0.033333333 0.008958333 53.482583450455536
69.0 0.012360833 0.003062083 52.04676029679713
70.0 0.01180875 0.004608333 52.53317507738954
71.0 0.01122125 0.005754167 52.841431800480805
72.0 0.012665 0.0063275 52.7262701339101
73.0 0.010392917 -0.01105875 35.04857319300992
74.0 0.014522083 0.006289583 52.45800012698331
75.0 0.016214167 0.006274167 52.227403999754614
76.0 0.017877917 0.006259583 52.023642300691684
77.0 0.019550417 0.006274583 51.87040171049138
78.0 0.02126125 0.006412083 51.8707090740086
79.0 0.022904167 0.006899583 52.297421307323404
80.0 0.013007917 -0.011025 32.0680496388548
81.0 0.029951667 0.006065833 51.116273769067924
82.0 0.02811 0.0060525 51.139755936226535
83.0 0.02633875 0.006174583 51.34409101900367
84.0 0.024584583 0.006384167 51.65693879128402
85.0 0.01380125 -0.00917625 36.22956995917187
86.0 0.018871667 -0.00992625 30.627646327004406
87.0 0.022331667 -0.009963333 29.298072752352518
88.0 0.024760833 -0.00934375 29.839330131530623
89.0 0.027279167 -0.009687083 28.87140013049359
90.0 0.031405 0.004075833 48.517712659217125
91.0 0.030762917 0.001165 44.684128413445436
92.0 0.031025 -0.002384583 39.73858447466263
93.0 0.030895833 -0.005806667 34.681254885168514
94.0 0.030403333 -0.009390833 29.084515239559785
95.0 0.011457917 -0.009392083 38.96958246203854
96.0 0.012320417 -0.007838333 41.67738258107937
97.0 0.013142083 -0.006295 43.53712219794717
98.0 0.01419375 -0.007582917 39.42407864348279
99.0 0.016038333 -0.008436667 35.607623646022226
100.0 0.013804583 -0.004569583 45.357410648665436
101.0 0.014113333 -0.002718333 47.22871119199049
102.0 0.013505833 0.00461875 52.0055569636956
103.0 0.015548333 -0.006087083 40.639254175745
104.0 0.015329167 0.0045975 51.414816913388705
105.0 0.017135 0.0046025 50.911921700908074
106.0 0.0282825 -0.0066025 33.696983198966734
107.0 0.02883 -0.0036275 38.1226100618999
108.0 0.01419875 -9.39167E-4 48.74865337740547
109.0 0.01416375 7.78333E-4 49.94285439943431
110.0 0.014250417 0.0027275 50.88701193149539
111.0 0.01622625 0.00297125 50.05828481706635
112.0 0.015479583 0.001592917 49.497663571597016
113.0 0.015714167 9.70832E-5 48.184030340204636
114.0 0.01586125 -0.00173625 46.32806644270745
115.0 0.015808333 -0.003760417 43.962093010932
116.0 0.018938333 0.00457125 50.45110704250043
117.0 0.02081125 0.004622917 50.12863659331296
118.0 0.022965417 0.004909167 50.11917156802124
119.0 0.0180625 0.0028925 49.2423575378383
120.0 0.017002083 0.0013525 48.399501410905486
121.0 0.019991667 0.002808333 48.50236175748307
122.0 0.02200125 0.00283 47.98116631983716
123.0 0.018927917 0.001037917 47.1149261166399
124.0 0.017523333 -5.15E-4 46.28558315558939
125.0 0.017739583 -0.002635417 43.669973704288
126.0 0.021037083 9.16667E-4 46.10805672515606
127.0 0.019862083 -0.001263333 44.03923171845903
128.0 0.025157917 0.004494583 49.40358324768328
129.0 0.0240325 0.002746667 47.47280504522246
130.0 0.02713375 0.004197917 48.87386736052189
131.0 0.029221667 0.003934583 48.412488154673404
132.0 0.023062917 9.62917E-4 45.52902943083664
133.0 0.026038333 0.0024175 46.75590917102923
134.0 0.02494875 7.43333E-4 44.815928908602906
135.0 0.02814375 0.001886667 45.830695173959
136.0 0.02886375 -7.925E-4 42.15354564269049
137.0 0.027342917 -0.001942083 40.750492593030515
138.0 0.02685625 1.79167E-4 43.7340562852634
139.0 0.025606667 -0.001359167 41.89579187032323
140.0 0.023996667 -6.1125E-4 43.28237484509505
141.0 0.022300417 -9.17083E-4 43.41408836316511
142.0 0.02626625 -0.003993333 37.999992455235365
143.0 0.025650833 -0.006951667 33.59322059203504
144.0 0.023129167 -0.007288333 33.71875553497563
145.0 0.023985833 -0.002471667 40.76455080078317
146.0 0.0218425 -0.003074167 40.69670569353871
147.0 0.019679167 -0.003774167 40.804977887047066
148.0 0.02143125 -0.005322083 37.55655879142815
149.0 0.020560833 -0.007509167 34.35735746404023
150.0 0.018038333 -0.007073333 36.63067542091939
151.0 0.017716667 -0.004829583 40.628545795933135
152.0 0.01949125 -0.005678333 38.02823737117569
153.0 0.015747083 -0.01073 30.642504325549382
154.0 0.023759583 -0.004832917 37.39927589783059
155.0 0.001644167 0.009854167 53.05609257896266
156.0 0.003244583 0.00945125 53.05455371673797
157.0 0.004755833 0.008787917 53.05227569461617
158.0 0.006135833 0.007883333 53.047745537030174
159.0 0.00734875 0.006764583 53.0351415837433
160.0 0.008360833 0.0054625 52.99894614384931
161.0 0.009147917 0.0040125 52.92307392769531
162.0 0.009682083 0.002451667 52.828198468042764
163.0 0.009955 8.25E-4 52.73812652756267
164.0 0.009955 -8.25E-4 52.65546172422495
165.0 0.0096825 -0.002452083 52.581010689329766
166.0 0.0091475 -0.0040125 52.51435193818184
167.0 0.008361667 -0.005462917 52.455843723963014
168.0 0.00735 -0.006765833 52.40563490759312
169.0 0.006135417 -0.007882917 52.36385756534133
170.0 0.004755833 -0.008787917 52.33084101337504
171.0 0.003244583 -0.009450833 52.30689896778305
172.0 0.001644167 -0.009854583 52.292343048347334
173.0 0.032044167 0.01 53.483945982308406
174.0 0.030755 0.01 53.479984121864234
175.0 0.029465833 0.009999583 53.47344619128689
176.0 0.028176667 0.009999583 53.464323313076385
177.0 0.026887917 0.009999583 53.452508256765505
178.0 0.02559875 0.009999583 53.43801155170606
179.0 0.024309583 0.009999583 53.42092461553393
180.0 0.023020417 0.009999167 53.40122794844325
181.0 0.02173125 0.009999167 53.37891841346771
182.0 0.020442083 0.009999167 53.35400350522019
183.0 0.019152917 0.009999167 53.32637879747974
184.0 0.01786375 0.00999875 53.29601911852319
185.0 0.016575 0.00999875 53.263037250334065
186.0 0.015285833 0.00999875 53.22745296997824
187.0 0.013996667 0.00999875 53.18961273902691
188.0 0.0127075 0.00999875 53.15119724891353
189.0 0.011418333 0.009998333 53.11602852176604
190.0 0.010129167 0.009998333 53.088399630582394
191.0 0.00884 0.009998333 53.07077154609604
192.0 0.00755125 0.009998333 53.06166432787283
193.0 0.006263333 0.009998333 53.0578494333762
194.0 0.004985417 0.0100925 53.05701564672621
195.0 0.003790833 0.010576667 53.058501723023284
196.0 0.002556667 0.010947083 53.059789540672355
197.0 0.00128625 0.01116375 53.06058804390646
198.0 0.03231125 0.008794583 53.48141035905438
199.0 0.009354167 0.005329167 52.98190354374344
200.0 0.005845 0.009062083 53.053588692570244
201.0 0.031150417 0.0089325 53.478699487929184
202.0 0.00708125 0.008824167 53.05409588477131
203.0 0.008334583 0.00892875 53.060278126259796
204.0 0.009515417 0.00919875 53.07423571578505
205.0 0.010696667 0.00903375 53.09345562287207
206.0 0.011995 0.008960833 53.12549122489916
207.0 0.013307917 0.008925 53.164976013059594
208.0 0.014669583 0.00893125 53.206684501613324
209.0 0.01604125 0.008931667 53.245888368270045
210.0 0.0174025 0.00893125 53.28179259297743
211.0 0.018719167 0.008925833 53.31367954668895
212.0 0.029857917 0.008930833 53.47294771411776
213.0 0.01984375 0.009080417 53.33899572742085
214.0 0.02856625 0.008925417 53.46455926500198
215.0 0.020980833 0.008925417 53.361952413059385
216.0 0.027458333 0.009082083 53.455539239625544
217.0 0.02229625 0.008931667 53.38628870014487
218.0 0.023652083 0.008931667 53.40848700194789
219.0 0.025006667 0.008931667 53.427753372173186
220.0 0.026319167 0.008925833 53.44364338630375
221.0 0.010956667 0.008071667 53.08731490199764
222.0 0.008757917 0.006568333 53.02512490123713
223.0 0.00799625 0.007761667 53.045871364315815
224.0 0.009707083 0.00726 53.04752783539121
225.0 0.00948625 0.008242083 53.062878461142965
