226
0.0 0.033333333 0.01 44.04817366607252
1.0 0.0 0.01125 43.85831400220315
2.0 0.0 0.01 43.856414774165856
3.0 0.0 -0.01 43.484222617519414
4.0 0.0 -0.01125 43.484408740991306
5.0 0.033333333 0.007916667 44.04647079424924
6.0 0.012670417 -2.575E-4 42.35512774005414
7.0 0.012631667 0.001394167 42.76758964596313
8.0 0.01014875 0.006048333 43.83485693906245
9.0 0.019887917 0.007916667 43.981972641729314
10.0 0.021381667 0.007916667 43.99553213892036
11.0 0.022875833 0.007916667 44.007481950047854
12.0 0.024369583 0.007916667 44.01782899547922
13.0 0.02586375 0.007916667 44.02658427642078
14.0 0.0273575 0.007916667 44.033740844440736
15.0 0.028851667 0.007916667 44.039302331528546
16.0 0.030345417 0.007916667 44.043272937128705
17.0 0.031839583 0.007916667 44.045668015076316
18.0 0.033333333 0.006535 42.77062198988912
19.0 0.033333333 0.004621667 40.99371531021467
20.0 0.033333333 0.002176667 38.68131277490325
21.0 0.033333333 -7.99167E-4 35.76525951879391
22.0 0.033333333 -0.004307083 32.14319088404364
23.0 0.033333333 -0.00834625 27.688545823122155
24.0 0.033333333 -0.012916667 22.35607445719209
25.0 0.029100417 -0.012916667 22.40128065334843
26.0 0.025132083 -0.012916667 22.543014157780178
27.0 0.02142875 -0.012916667 22.809272641440877
28.0 0.017989583 -0.012916667 23.279482775485228
29.0 0.014815 -0.012916667 23.96836819439827
30.0 0.011904583 -0.012916667 24.986762948365953
31.0 0.009259167 -0.012916667 26.38265693928834
32.0 0.006878333 -0.012916667 28.183643945152575
33.0 0.004762083 -0.012916667 29.83841890926205
34.0 0.00291 -0.012916667 31.503382507146526
35.0 0.001322917 -0.012916667 32.35028721350315
36.0 0.0 -0.012916667 32.61458046301621
37.0 0.010166667 -0.007949583 38.76879239216829
38.0 0.012577083 -0.001876667 41.82089457795405
39.0 0.012294167 -0.00349875 41.16670744614637
40.0 0.011780417 -0.005080833 40.44255632148663
41.0 0.011055 -0.0065625 39.683100823533096
42.0 0.00910625 -0.0093175 37.43095774373461
43.0 0.007727083 -0.010859583 34.94220749903768
44.0 0.005884583 -0.011342917 36.00480474826137
45.0 0.031925 0.0064375 42.68348620922062
46.0 0.0 -0.012083333 37.93882432176456
47.0 0.00148875 -0.011139167 43.48610902848336
48.0 0.002952083 -0.010845833 43.49098601582776
49.0 0.004362917 -0.01035875 43.498864011350804
50.0 0.005697917 -0.009690833 43.50958254381864
51.0 0.006930417 -0.008849167 43.523290511847144
52.0 0.008040833 -0.007851667 43.53995375782787
53.0 0.0090175 -0.006722917 43.558988784802025
54.0 0.00982 -0.005464167 43.58040381681825
55.0 0.010459583 -0.004115833 43.6042692975355
56.0 0.010911667 -0.002693333 43.63068249367879
57.0 0.011176667 -0.001224167 43.659633214912624
58.0 0.01122875 2.67083E-4 43.6906442268637
59.0 0.0111025 0.001754167 43.723781315172495
60.0 0.010765833 0.00320875 43.75924306905593
61.0 0.010270417 0.004616667 43.798353450773284
62.0 0.0111675 0.00713375 43.86221435359454
63.0 0.01242125 0.007887917 43.88694918146499
64.0 0.013911667 0.007916667 43.91107431383728
65.0 0.015405833 0.007916667 43.93147759621503
66.0 0.0169 0.007916667 43.949963571349365
67.0 0.01839375 0.007916667 43.96678386832372
68.0 0.033333333 0.008958333 44.04692111021733
69.0 0.012360833 0.003062083 43.161376785567285
70.0 0.01180875 0.004608333 43.49683982140295
71.0 0.01122125 0.005754167 43.70844030028792
72.0 0.012665 0.0063275 43.609436716277266
73.0 0.010392917 -0.01105875 30.926290891813583
74.0 0.014522083 0.006289583 43.40137077657654
75.0 0.016214167 0.006274167 43.22175297182046
76.0 0.017877917 0.006259583 43.062692635063726
77.0 0.019550417 0.006274583 42.940939424093564
78.0 0.02126125 0.006412083 42.929925165718004
79.0 0.022904167 0.006899583 43.2250388487913
80.0 0.013007917 -0.011025 28.752590999183095
81.0 0.029951667 0.006065833 42.358978962343805
82.0 0.02811 0.0060525 42.3795030896852
83.0 0.02633875 0.006174583 42.53061026303063
84.0 0.024584583 0.006384167 42.76055394674819
85.0 0.01380125 -0.00917625 31.76476453333803
86.0 0.018871667 -0.00992625 27.684356350877156
87.0 0.022331667 -0.009963333 26.71222545771546
88.0 0.024760833 -0.00934375 27.09635421952778
89.0 0.027279167 -0.009687083 26.393867984373944
90.0 0.031405 0.004075833 40.49872516767238
91.0 0.030762917 0.001165 37.75401323823843
92.0 0.031025 -0.002384583 34.205546968718636
93.0 0.030895833 -0.005806667 30.57096618953716
94.0 0.030403333 -0.009390833 26.543667959388845
95.0 0.011457917 -0.009392083 33.76634332365451
96.0 0.012320417 -0.007838333 35.72318896927322
97.0 0.013142083 -0.006295 37.06147335350355
98.0 0.01419375 -0.007582917 34.0751200559684
99.0 0.016038333 -0.008436667 31.299940190900795
100.0 0.013804583 -0.004569583 38.368262686186206
101.0 0.014113333 -0.002718333 39.710800186648676
102.0 0.013505833 0.00461875 43.10187318431393
103.0 0.015548333 -0.006087083 34.94115437970591
104.0 0.015329167 0.0045975 42.659929158252496
105.0 0.017135 0.0046025 42.28224960702701
106.0 0.0282825 -0.0066025 29.86665572752554
107.0 0.02883 -0.0036275 33.048194105171056
108.0 0.01419875 -9.39167E-4 40.79758881913297
109.0 0.01416375 7.78333E-4 41.646851632489934
110.0 0.014250417 0.0027275 42.30835590546886
111.0 0.01622625 0.00297125 41.68906365223482
112.0 0.015479583 0.001592917 41.30386126507125
113.0 0.015714167 9.70832E-5 40.36504625575125
114.0 0.01586125 -0.00173625 39.03494986864875
115.0 0.015808333 -0.003760417 37.3352534458387
116.0 0.018938333 0.00457125 41.93678735465929
117.0 0.02081125 0.004622917 41.69164607318531
118.0 0.022965417 0.004909167 41.670887319570745
119.0 0.0180625 0.0028925 41.085609162395464
120.0 0.017002083 0.0013525 40.49865434209974
121.0 0.019991667 0.002808333 40.53831854895432
122.0 0.02200125 0.00283 40.14983855748077
123.0 0.018927917 0.001037917 39.55783057684827
124.0 0.017523333 -5.15E-4 38.980929008835574
125.0 0.017739583 -0.002635417 37.10159272013852
126.0 0.021037083 9.16667E-4 38.817356722693305
127.0 0.019862083 -0.001263333 37.344901893554294
128.0 0.025157917 0.004494583 41.14865749234089
129.0 0.0240325 0.002746667 39.773595528812336
130.0 0.02713375 0.004197917 40.762413827277065
131.0 0.029221667 0.003934583 40.42678829553052
132.0 0.023062917 9.62917E-4 38.387802769003315
133.0 0.026038333 0.0024175 39.25087748683079
134.0 0.02494875 7.43333E-4 37.86621375644667
135.0 0.02814375 0.001886667 38.58096175036759
136.0 0.02886375 -7.925E-4 35.94272082910413
137.0 0.027342917 -0.001942083 34.939812481762615
138.0 0.02685625 1.79167E-4 37.08241478979396
139.0 0.025606667 -0.001359167 35.76870158600272
140.0 0.023996667 -6.1125E-4 36.77156731256974
141.0 0.022300417 -9.17083E-4 36.87663881110356
142.0 0.02626625 -0.003993333 32.967191146698084
143.0 0.025650833 -0.006951667 29.798436644459784
144.0 0.023129167 -0.007288333 29.897711105756624
145.0 0.023985833 -0.002471667 34.96392721372833
146.0 0.0218425 -0.003074167 34.9280555654872
147.0 0.019679167 -0.003774167 35.02224934009089
148.0 0.02143125 -0.005322083 32.671154518465386
149.0 0.020560833 -0.007509167 30.369896654267027
150.0 0.018038333 -0.007073333 32.0257170698465
151.0 0.017716667 -0.004829583 34.91269118690493
152.0 0.01949125 -0.005678333 33.02377951593228
153.0 0.015747083 -0.01073 27.708116842258846
154.0 0.023759583 -0.004832917 32.545356706367194
155.0 0.001644167 0.009854167 43.85602888290742
156.0 0.003244583 0.00945125 43.854969055946604
157.0 0.004755833 0.008787917 43.85337799997616
158.0 0.006135833 0.007883333 43.850752213143295
159.0 0.00734875 0.006764583 43.844502324790156
160.0 0.008360833 0.0054625 43.82737743395133
161.0 0.009147917 0.0040125 43.79171978998645
162.0 0.009682083 0.002451667 43.74696337702377
163.0 0.009955 8.25E-4 43.70420963417774
164.0 0.009955 -8.25E-4 43.66471077440361
165.0 0.0096825 -0.002452083 43.628886608316215
166.0 0.0091475 -0.0040125 43.59657772204676
167.0 0.008361667 -0.005462917 43.56800531591648
168.0 0.00735 -0.006765833 43.54329725309163
169.0 0.006135417 -0.007882917 43.52257768304048
170.0 0.004755833 -0.008787917 43.50608145763586
171.0 0.003244583 -0.009450833 43.494041608286395
172.0 0.001644167 -0.009854583 43.48668507753642
173.0 0.032044167 0.01 44.04757298078886
174.0 0.030755 0.01 44.04578576435741
175.0 0.029465833 0.009999583 44.04283622938517
176.0 0.028176667 0.009999583 44.03872008192034
177.0 0.026887917 0.009999583 44.03338839368736
178.0 0.02559875 0.009999583 44.026845242853945
179.0 0.024309583 0.009999583 44.01913109548485
180.0 0.023020417 0.009999167 44.01023615620799
181.0 0.02173125 0.009999167 44.000157875852814
182.0 0.020442083 0.009999167 43.9888982822796
183.0 0.019152917 0.009999167 43.97640822387141
184.0 0.01786375 0.00999875 43.962674144149304
185.0 0.016575 0.00999875 43.94774502922923
186.0 0.015285833 0.00999875 43.9316275619641
187.0 0.013996667 0.00999875 43.914477053706925
188.0 0.0127075 0.00999875 43.89705764531374
189.0 0.011418333 0.009998333 43.88111636056535
190.0 0.010129167 0.009998333 43.8686328156054
191.0 0.00884 0.009998333 43.860771374922756
192.0 0.00755125 0.009998333 43.856883026372905
193.0 0.006263333 0.009998333 43.85550160516142
194.0 0.004985417 0.0100925 43.85557695776377
195.0 0.003790833 0.010576667 43.85668545545707
196.0 0.002556667 0.010947083 43.85755949666478
197.0 0.00128625 0.01116375 43.858098275287155
198.0 0.03231125 0.008794583 44.04638610800997
199.0 0.009354167 0.005329167 43.819267361318445
200.0 0.005845 0.009062083 43.85363610934316
201.0 0.031150417 0.0089325 44.04516821847809
202.0 0.00708125 0.008824167 43.853489694454154
203.0 0.008334583 0.00892875 43.856028459398466
204.0 0.009515417 0.00919875 43.86221820939345
205.0 0.010696667 0.00903375 43.870853593731674
206.0 0.011995 0.008960833 43.8853671946303
207.0 0.013307917 0.008925 43.903278405448305
208.0 0.014669583 0.00893125 43.92218966715724
209.0 0.01604125 0.008931667 43.93995132338207
210.0 0.0174025 0.00893125 43.956206242487845
211.0 0.018719167 0.008925833 43.97063305152448
212.0 0.029857917 0.008930833 44.042573478768254
213.0 0.01984375 0.009080417 43.98208538928091
214.0 0.02856625 0.008925417 44.03878878021493
215.0 0.020980833 0.008925417 43.99245745434482
216.0 0.027458333 0.009082083 44.034724257982646
217.0 0.02229625 0.008931667 44.00345340423854
218.0 0.023652083 0.008931667 44.01347934379476
219.0 0.025006667 0.008931667 44.02217818616482
220.0 0.026319167 0.008925833 44.029350433636196
221.0 0.010956667 0.008071667 43.86798419652151
222.0 0.008757917 0.006568333 43.83954628212285
223.0 0.00799625 0.007761667 43.84939126438642
224.0 0.009707083 0.00726 43.849796417445084
225.0 0.00948625 0.008242083 43.85696224386629
