761 Count=5.3305797*10^7
0.0 0.0 0.0 20.0
1.0 0.05263158 0.0 20.0
2.0 0.10526316 0.0 20.0
3.0 0.15789474 0.0 20.0
4.0 0.21052632 0.0 20.0
5.0 0.26315789 0.0 20.0
6.0 0.31578947 0.0 20.0
7.0 0.36842105 0.0 20.0
8.0 0.42105263 0.0 20.0
9.0 0.47368421 0.0 20.0
10.0 0.52631579 0.0 20.0
11.0 0.57894737 0.0 20.0
12.0 0.63157895 0.0 20.0
13.0 0.68421053 0.0 20.0
14.0 0.73684211 0.0 20.0
15.0 0.78947368 0.0 20.0
16.0 0.84210526 0.0 20.0
17.0 0.89473684 0.0 20.0
18.0 0.94736842 0.0 20.0
19.0 1.0 0.0 20.0
20.0 0.02631579 0.02631579 19.682520136205216
21.0 0.07894737 0.02631579 19.679822662259745
22.0 0.13157895 0.02631579 19.67437061526148
23.0 0.18421053 0.02631579 19.666045757398788
24.0 0.23684211 0.02631579 19.654660079438937
25.0 0.28947368 0.02631579 19.639941343213696
26.0 0.34210526 0.02631579 19.62151057368519
27.0 0.39473684 0.02631579 19.59884777057557
28.0 0.44736842 0.02631579 19.571239361849525
29.0 0.5 0.02631579 19.53769620377814
30.0 0.55263158 0.02631579 19.49682172747847
31.0 0.60526316 0.02631579 19.44659136654471
32.0 0.65789474 0.02631579 19.383964487380055
33.0 0.71052632 0.02631579 19.30415657440684
34.0 0.76315789 0.02631579 19.1991572558066
35.0 0.81578947 0.02631579 19.054364539011587
36.0 0.86842105 0.02631579 18.83968694086046
37.0 0.92105263 0.02631579 18.479987186157555
38.0 0.97368421 0.02631579 17.709631882448843
39.0 0.0 0.05263158 19.36638199413392
40.0 0.05263158 0.05263158 19.363698550686934
41.0 0.10526316 0.05263158 19.35559209835205
42.0 0.15789474 0.05263158 19.341890362693864
43.0 0.21052632 0.05263158 19.322292666901276
44.0 0.26315789 0.05263158 19.296347655784018
45.0 0.31578947 0.05263158 19.263417717070745
46.0 0.36842105 0.05263158 19.222624577669997
47.0 0.42105263 0.05263158 19.17276650463228
48.0 0.47368421 0.05263158 19.112190942765807
49.0 0.52631579 0.05263158 19.038593872346752
50.0 0.57894737 0.05263158 18.94869303756711
51.0 0.63157895 0.05263158 18.837672428611707
52.0 0.68421053 0.05263158 18.698185520908492
53.0 0.73684211 0.05263158 18.518440776718855
54.0 0.78947368 0.05263158 18.278188200859542
55.0 0.84210526 0.05263158 17.939269955186784
56.0 0.89473684 0.05263158 17.419477808255046
57.0 0.94736842 0.05263158 16.50047093637516
58.0 1.0 0.05263158 14.338056593420212
59.0 0.02631579 0.07894737 19.05024385206263
60.0 0.07894737 0.07894737 19.04220755222016
61.0 0.13157895 0.07894737 19.025967563666832
62.0 0.18421053 0.07894737 19.001177514448326
63.0 0.23684211 0.07894737 18.96728731694741
64.0 0.28947368 0.07894737 18.923501874364593
65.0 0.34210526 0.07894737 18.868717077019497
66.0 0.39473684 0.07894737 18.80142288939975
67.0 0.44736842 0.07894737 18.719555996704255
68.0 0.5 0.07894737 18.62027220873129
69.0 0.55263158 0.07894737 18.499585349399094
70.0 0.60526316 0.07894737 18.351773706846167
71.0 0.65789474 0.07894737 18.16836015367589
72.0 0.71052632 0.07894737 17.936260868171185
73.0 0.76315789 0.07894737 17.634188503595034
74.0 0.81578947 0.07894737 17.225042512001114
75.0 0.86842105 0.07894737 16.637985828873976
76.0 0.92105263 0.07894737 15.720251277128183
77.0 0.97368421 0.07894737 14.092013399766042
78.0 0.0 0.10526316 18.738103287169015
79.0 0.05263158 0.10526316 18.73279157626064
80.0 0.10526316 0.10526316 18.716747983580998
81.0 0.15789474 0.10526316 18.689639810040397
82.0 0.21052632 0.10526316 18.650887218157774
83.0 0.26315789 0.10526316 18.599621741616552
84.0 0.31578947 0.10526316 18.534620382987047
85.0 0.36842105 0.10526316 18.45420563035019
86.0 0.42105263 0.10526316 18.356094844946522
87.0 0.47368421 0.10526316 18.237171694472398
88.0 0.52631579 0.10526316 18.093132325340193
89.0 0.57894737 0.10526316 17.91792216234234
90.0 0.63157895 0.10526316 17.702807198863518
91.0 0.68421053 0.10526316 17.43477546631985
92.0 0.73684211 0.10526316 17.093641708737547
93.0 0.78947368 0.10526316 16.646483197456078
94.0 0.84210526 0.10526316 16.03622869450205
95.0 0.89473684 0.10526316 15.156966857552034
96.0 0.94736842 0.10526316 13.804089506330497
97.0 1.0 0.10526316 11.725436562938311
98.0 0.02631579 0.13157895 18.425962722275404
99.0 0.07894737 0.13157895 18.412752178484382
100.0 0.13157895 0.13157895 18.386064639952608
101.0 0.18421053 0.13157895 18.345349522093823
102.0 0.23684211 0.13157895 18.289734520378992
103.0 0.28947368 0.13157895 18.217963236645666
104.0 0.34210526 0.13157895 18.128299343918428
105.0 0.39473684 0.13157895 18.01838321106309
106.0 0.44736842 0.13157895 17.88501728261899
107.0 0.5 0.13157895 17.723841289835047
108.0 0.55263158 0.13157895 17.528830453395326
109.0 0.60526316 0.13157895 17.291499139728757
110.0 0.65789474 0.13157895 16.999595795203238
111.0 0.71052632 0.13157895 16.634885048229073
112.0 0.76315789 0.13157895 16.169232591979824
113.0 0.81578947 0.13157895 15.55746919427459
114.0 0.86842105 0.13157895 14.724417242858514
115.0 0.92105263 0.13157895 13.545213081347455
116.0 0.97368421 0.13157895 11.858880267080295
117.0 0.0 0.15789474 18.120394658954613
118.0 0.05263158 0.15789474 18.11256136671734
119.0 0.10526316 0.15789474 18.088907787378528
120.0 0.15789474 0.15789474 18.0489629788105
121.0 0.21052632 0.15789474 17.991908081366617
122.0 0.26315789 0.15789474 17.91652106443898
123.0 0.31578947 0.15789474 17.82108975754008
124.0 0.36842105 0.15789474 17.703281604796388
125.0 0.42105263 0.15789474 17.559950764159243
126.0 0.47368421 0.15789474 17.38685182689778
127.0 0.52631579 0.15789474 17.1782093126298
128.0 0.57894737 0.15789474 16.926058013268968
129.0 0.63157895 0.15789474 16.61920918444019
130.0 0.68421053 0.15789474 16.241591331189376
131.0 0.73684211 0.15789474 15.769531686669513
132.0 0.78947368 0.15789474 15.167273575666961
133.0 0.84210526 0.15789474 14.379891309473258
134.0 0.89473684 0.15789474 13.324582109906713
135.0 0.94736842 0.15789474 11.89521385160057
136.0 1.0 0.15789474 10.010781147451802
137.0 0.02631579 0.18421053 17.81482659563382
138.0 0.07894737 0.18421053 17.796703970475775
139.0 0.13157895 0.18421053 17.760110360601338
140.0 0.18421053 0.18421053 17.70432739259423
141.0 0.23684211 0.18421053 17.628220892209434
142.0 0.28947368 0.18421053 17.530165581844425
143.0 0.34210526 0.18421053 17.407930867751798
144.0 0.39473684 0.18421053 17.258512996452218
145.0 0.44736842 0.18421053 17.077889566502677
146.0 0.5 0.18421053 16.860659168634406
147.0 0.55263158 0.18421053 16.59950633865441
148.0 0.60526316 0.18421053 16.284396121297387
149.0 0.65789474 0.18421053 15.901345681531376
150.0 0.71052632 0.18421053 15.430538799793808
151.0 0.76315789 0.18421053 14.843470544979395
152.0 0.81578947 0.18421053 14.098921985854595
153.0 0.86842105 0.18421053 13.13875681490532
154.0 0.92105263 0.18421053 11.889941300515545
155.0 0.97368421 0.18421053 10.28682075745897
156.0 0.0 0.21052632 17.518276958079394
157.0 0.05263158 0.21052632 17.508073398783928
158.0 0.10526316 0.21052632 17.477273329023294
159.0 0.15789474 0.21052632 17.42529734719303
160.0 0.21052632 0.21052632 17.35114116300678
161.0 0.26315789 0.21052632 17.25331329293618
162.0 0.31578947 0.21052632 17.129738212462463
163.0 0.36842105 0.21052632 16.977613896208258
164.0 0.42105263 0.21052632 16.79320572064498
165.0 0.47368421 0.21052632 16.5715499543087
166.0 0.52631579 0.21052632 16.30602558070135
167.0 0.57894737 0.21052632 15.987732448017534
168.0 0.63157895 0.21052632 15.60458483946287
169.0 0.68421053 0.21052632 15.139997371033072
170.0 0.73684211 0.21052632 14.571034810283278
171.0 0.78947368 0.21052632 13.866041858920092
172.0 0.84210526 0.21052632 12.982481199358086
173.0 0.89473684 0.21052632 11.868072640883247
174.0 0.94736842 0.21052632 10.471896599671668
175.0 1.0 0.21052632 8.769391431111858
176.0 0.02631579 0.23684211 17.221727319451908
177.0 0.07894737 0.23684211 17.19903570740894
178.0 0.13157895 0.23684211 17.15324327538327
179.0 0.18421053 0.23684211 17.08350835786808
180.0 0.23684211 0.23684211 16.988508009212303
181.0 0.28947368 0.23684211 16.866358651146907
182.0 0.34210526 0.23684211 16.714497746144637
183.0 0.39473684 0.23684211 16.529513971153136
184.0 0.44736842 0.23684211 16.30690634465461
185.0 0.5 0.23684211 16.040744732985154
186.0 0.55263158 0.23684211 15.7231920772251
187.0 0.60526316 0.23684211 15.343835248456779
188.0 0.65789474 0.23684211 14.888762298616342
189.0 0.71052632 0.23684211 14.339342694214496
190.0 0.76315789 0.23684211 13.670787468024242
191.0 0.81578947 0.23684211 12.850987435409605
192.0 0.86842105 0.23684211 11.841258541253294
193.0 0.92105263 0.23684211 10.60233388332116
194.0 0.97368421 0.23684211 9.108490432494085
195.0 0.0 0.26315789 16.93647315539604
196.0 0.05263158 0.26315789 16.924085987048635
197.0 0.10526316 0.26315789 16.8867103379445
198.0 0.15789474 0.26315789 16.823692313884234
199.0 0.21052632 0.26315789 16.733902838968557
200.0 0.26315789 0.26315789 16.615675021414884
201.0 0.31578947 0.26315789 16.466708324901088
202.0 0.36842105 0.26315789 16.283930808782245
203.0 0.42105263 0.26315789 16.063305729457888
204.0 0.47368421 0.26315789 15.799564259565189
205.0 0.52631579 0.26315789 15.485839439878083
206.0 0.57894737 0.26315789 15.113171162305497
207.0 0.63157895 0.26315789 14.669852887806991
208.0 0.68421053 0.26315789 14.14061446364432
209.0 0.73684211 0.26315789 13.505724524189088
210.0 0.78947368 0.26315789 12.740348815625117
211.0 0.84210526 0.26315789 11.81507830342343
212.0 0.89473684 0.26315789 10.699402465202375
213.0 0.94736842 0.26315789 9.369964258941899
214.0 1.0 0.26315789 7.822709829487634
215.0 0.02631579 0.28947368 16.65121887951693
216.0 0.07894737 0.28947368 16.624361817318977
217.0 0.13157895 0.28947368 16.57020032460463
218.0 0.18421053 0.28947368 16.487817066309617
219.0 0.23684211 0.28947368 16.37577768780008
220.0 0.28947368 0.28947368 16.232055450123646
221.0 0.34210526 0.28947368 16.053921196775804
222.0 0.39473684 0.28947368 15.837790053595995
223.0 0.44736842 0.28947368 15.579012266690945
224.0 0.5 0.28947368 15.27159339553656
225.0 0.55263158 0.28947368 14.907827236201802
226.0 0.60526316 0.28947368 14.47782974801792
227.0 0.65789474 0.28947368 13.968983892563484
228.0 0.71052632 0.28947368 13.365368579319853
229.0 0.76315789 0.28947368 12.647399239930742
230.0 0.81578947 0.28947368 11.792220690770963
231.0 0.86842105 0.28947368 10.7758460864792
232.0 0.92105263 0.28947368 9.578170888583907
233.0 0.97368421 0.28947368 8.190861396145898
234.0 0.0 0.31578947 16.37933790570623
235.0 0.05263158 0.31578947 16.364978469916807
236.0 0.10526316 0.31578947 16.321672474365954
237.0 0.15789474 0.31578947 16.248726172223844
238.0 0.21052632 0.31578947 16.14494694016183
239.0 0.26315789 0.31578947 16.008585999026916
240.0 0.31578947 0.31578947 15.837252455151695
241.0 0.36842105 0.31578947 15.62779319826818
242.0 0.42105263 0.31578947 15.376130477875664
243.0 0.47368421 0.31578947 15.077048599865039
244.0 0.52631579 0.31578947 14.723921282837928
245.0 0.57894737 0.31578947 14.308377059785695
246.0 0.63157895 0.31578947 13.819917882173485
247.0 0.68421053 0.31578947 13.245550336629123
248.0 0.73684211 0.31578947 12.569584992816868
249.0 0.78947368 0.31578947 11.773938330497598
250.0 0.84210526 0.31578947 10.839517313537701
251.0 0.89473684 0.31578947 9.749386263753294
252.0 0.94736842 0.31578947 8.493930566438054
253.0 1.0 0.31578947 7.076840929716007
254.0 0.02631579 0.34210526 16.107456931895534
255.0 0.07894737 0.34210526 16.076876250935786
256.0 0.13157895 0.34210526 16.015251504604418
257.0 0.18421053 0.34210526 15.92163579337671
258.0 0.23684211 0.34210526 15.79455721635328
259.0 0.28947368 0.34210526 15.63195359343018
260.0 0.34210526 0.34210526 15.431079580277146
261.0 0.39473684 0.34210526 15.188381962423774
262.0 0.44736842 0.34210526 14.899337628791935
263.0 0.5 0.34210526 14.558251108440704
264.0 0.55263158 0.34210526 14.158013391172645
265.0 0.60526316 0.34210526 13.689837863750395
266.0 0.65789474 0.34210526 13.143020024362123
267.0 0.71052632 0.34210526 12.504828850271018
268.0 0.76315789 0.34210526 11.760743614483442
269.0 0.81578947 0.34210526 10.895389789082913
270.0 0.86842105 0.34210526 9.894612687817716
271.0 0.92105263 0.34210526 8.748915392132345
272.0 0.97368421 0.34210526 7.45777458889006
273.0 0.0 0.36842105 15.850808995046888
274.0 0.05263158 0.36842105 15.834702356912205
275.0 0.10526316 0.36842105 15.78615170254816
276.0 0.15789474 0.36842105 15.704455669279712
277.0 0.21052632 0.36842105 15.588414391841452
278.0 0.26315789 0.36842105 15.436281589196723
279.0 0.31578947 0.36842105 15.245694330345383
280.0 0.36842105 0.36842105 15.013578337343326
281.0 0.42105263 0.36842105 14.736025836207919
282.0 0.47368421 0.36842105 14.408145601219113
283.0 0.52631579 0.36842105 14.023888949840737
284.0 0.57894737 0.36842105 13.575866272226206
285.0 0.63157895 0.36842105 13.05519024081619
286.0 0.68421053 0.36842105 12.451421637829684
287.0 0.73684211 0.36842105 11.752758433808385
288.0 0.78947368 0.36842105 10.94669239648545
289.0 0.84210526 0.36842105 10.021411115810896
290.0 0.89473684 0.36842105 8.96813605816897
291.0 0.94736842 0.36842105 7.784208680169058
292.0 1.0 0.36842105 6.476118179237116
293.0 0.02631579 0.39473684 15.594161058198242
294.0 0.07894737 0.39473684 15.560315186619265
295.0 0.13157895 0.39473684 15.492163868033186
296.0 0.18421053 0.39473684 15.388771511104538
297.0 0.23684211 0.39473684 15.248693050056609
298.0 0.28947368 0.39473684 15.069922442883902
299.0 0.34210526 0.39473684 14.849821704790301
300.0 0.39473684 0.39473684 14.585030101882083
301.0 0.44736842 0.39473684 14.271353651733877
302.0 0.5 0.39473684 13.90364001590993
303.0 0.55263158 0.39473684 13.475651283839662
304.0 0.60526316 0.39473684 12.979962550142114
305.0 0.65789474 0.39473684 12.407940525010131
306.0 0.71052632 0.39473684 11.749897151675464
307.0 0.76315789 0.39473684 10.995564434733387
308.0 0.81578947 0.39473684 10.1350717584449
309.0 0.86842105 0.39473684 9.160570227898047
310.0 0.92105263 0.39473684 8.068445924827765
311.0 0.97368421 0.39473684 6.861698814826058
312.0 0.0 0.42105263 15.354379119264129
313.0 0.05263158 0.42105263 15.33675376156974
314.0 0.10526316 0.42105263 15.283652925446946
315.0 0.15789474 0.42105263 15.194395174857915
316.0 0.21052632 0.42105263 15.067820808439068
317.0 0.26315789 0.42105263 14.902255471111843
318.0 0.31578947 0.42105263 14.695458380881652
319.0 0.36842105 0.42105263 14.444555770590851
320.0 0.42105263 0.42105263 14.145960463386235
321.0 0.47368421 0.42105263 13.795282706122242
322.0 0.52631579 0.42105263 13.387242806457628
323.0 0.57894737 0.42105263 12.91560710683407
324.0 0.63157895 0.42105263 12.373186580691986
325.0 0.68421053 0.42105263 11.751963640702666
326.0 0.73684211 0.42105263 11.043444894361123
327.0 0.78947368 0.42105263 10.239361708350186
328.0 0.84210526 0.42105263 9.332821813133066
329.0 0.89473684 0.42105263 8.319911924479255
330.0 0.94736842 0.42105263 7.201527036493781
331.0 1.0 0.42105263 5.984941363404279
332.0 0.02631579 0.44736842 15.114597180330016
333.0 0.07894737 0.44736842 15.077941621131437
334.0 0.13157895 0.44736842 15.00419102600389
335.0 0.18421053 0.44736842 14.892454294290047
336.0 0.23684211 0.44736842 14.7413643821015
337.0 0.28947368 0.44736842 14.549041950498218
338.0 0.34210526 0.44736842 14.313047425354176
339.0 0.39473684 0.44736842 14.030323850336845
340.0 0.44736842 0.44736842 13.697134249592132
341.0 0.5 0.44736842 13.309002907253035
342.0 0.55263158 0.44736842 12.86067701882788
343.0 0.60526316 0.44736842 12.346137574526615
344.0 0.65789474 0.44736842 11.758705673089072
345.0 0.71052632 0.44736842 11.09131121303598
346.0 0.76315789 0.44736842 10.337007092312675
347.0 0.81578947 0.44736842 9.48980355736509
348.0 0.86842105 0.44736842 8.545841708824211
349.0 0.92105263 0.44736842 7.504789836366988
350.0 0.97368421 0.44736842 6.371173569954301
351.0 0.0 0.47368421 14.893088465493308
352.0 0.05263158 0.47368421 14.87416737499288
353.0 0.10526316 0.47368421 14.817192422516166
354.0 0.15789474 0.47368421 14.72152358119453
355.0 0.21052632 0.47368421 14.586077612668669
356.0 0.26315789 0.47368421 14.409303701230877
357.0 0.31578947 0.47368421 14.189150248768497
358.0 0.36842105 0.47368421 13.923025301175699
359.0 0.42105263 0.47368421 13.607753866194596
360.0 0.47368421 0.47368421 13.239539962665456
361.0 0.52631579 0.47368421 12.813946153766809
362.0 0.57894737 0.47368421 12.325912008253006
363.0 0.63157895 0.47368421 11.769844602327394
364.0 0.68421053 0.47368421 11.139827868634232
365.0 0.73684211 0.47368421 10.430008448445887
366.0 0.78947368 0.47368421 9.635213014306506
367.0 0.84210526 0.47368421 8.751817693670594
368.0 0.89473684 0.47368421 7.7788154040139315
369.0 0.94736842 0.47368421 6.718904980480983
370.0 1.0 0.47368421 5.579320899438162
371.0 0.02631579 0.5 14.671579750656605
372.0 0.07894737 0.5 14.632550947853462
373.0 0.13157895 0.5 14.554086095075881
374.0 0.18421053 0.5 14.435362909408305
375.0 0.23684211 0.5 14.275128868886101
376.0 0.28947368 0.5 14.0716795404688
377.0 0.34210526 0.5 13.822832078752782
378.0 0.39473684 0.5 13.525897850258989
379.0 0.44736842 0.5 13.177659514590417
380.0 0.5 0.5 12.774363179226235
381.0 0.55263158 0.5 12.311741509760093
382.0 0.60526316 0.5 11.785091929897431
383.0 0.65789474 0.5 11.189443231796448
384.0 0.71052632 0.5 10.519851356615414
385.0 0.76315789 0.5 9.771864441764698
386.0 0.81578947 0.5 8.942176974077045
387.0 0.86842105 0.5 8.029448534416025
388.0 0.92105263 0.5 7.035181536448491
389.0 0.97368421 0.5 5.964474979154142
390.0 0.0 0.52631579 14.469534777299252
391.0 0.05263158 0.52631579 14.44952838484097
392.0 0.10526316 0.52631579 14.389315609063821
393.0 0.15789474 0.52631579 14.288312767529002
394.0 0.21052632 0.52631579 14.145537676241009
395.0 0.26315789 0.52631579 13.959596554319708
396.0 0.31578947 0.52631579 13.72866765755612
397.0 0.36842105 0.52631579 13.45048510751082
398.0 0.42105263 0.52631579 13.122327126154842
399.0 0.47368421 0.52631579 12.741017103346769
400.0 0.52631579 0.52631579 12.302949497125908
401.0 0.57894737 0.52631579 11.804158379894654
402.0 0.63157895 0.52631579 11.24045272911467
403.0 0.68421053 0.52631579 10.607647727109502
404.0 0.73684211 0.52631579 9.901921382272034
405.0 0.78947368 0.52631579 9.120314622517897
406.0 0.84210526 0.52631579 8.261362565813187
407.0 0.89473684 0.52631579 7.325798474166389
408.0 0.94736842 0.52631579 6.317207287132663
409.0 1.0 0.52631579 5.242466749564762
410.0 0.02631579 0.55263158 14.267489803941894
411.0 0.07894737 0.55263158 14.22649303691191
412.0 0.13157895 0.55263158 14.144132356414032
413.0 0.18421053 0.55263158 14.019669709217778
414.0 0.23684211 0.55263158 13.851989221628777
415.0 0.28947368 0.55263158 13.639588519987095
416.0 0.34210526 0.55263158 13.380570491015785
417.0 0.39473684 0.55263158 13.07264001001573
418.0 0.44736842 0.55263158 12.713111129754225
419.0 0.5 0.55263158 12.29893458981619
420.0 0.55263158 0.55263158 11.826758709701108
421.0 0.60526316 0.55263158 11.293041370219974
422.0 0.65789474 0.55263158 10.694234384544817
423.0 0.71052632 0.55263158 10.027061935481319
424.0 0.76315789 0.55263158 9.288908099402676
425.0 0.81578947 0.55263158 8.47830898214908
426.0 0.86842105 0.55263158 7.595515772610588
427.0 0.92105263 0.55263158 6.64304805319044
428.0 0.97368421 0.55263158 5.626124579737571
429.0 0.0 0.57894737 14.0858974427506
430.0 0.05263158 0.57894737 14.064998610876756
431.0 0.10526316 0.57894737 14.00212954286609
432.0 0.15789474 0.57894737 13.896771506197204
433.0 0.21052632 0.57894737 13.748056886903909
434.0 0.26315789 0.57894737 13.5547658411046
435.0 0.31578947 0.57894737 13.315324026967932
436.0 0.36842105 0.57894737 13.02780517202826
437.0 0.42105263 0.57894737 12.689942634369004
438.0 0.47368421 0.57894737 12.299157655146276
439.0 0.52631579 0.57894737 11.852614103645815
440.0 0.57894737 0.57894737 11.347312858138068
441.0 0.63157895 0.57894737 10.780241513732514
442.0 0.68421053 0.57894737 10.148595568222586
443.0 0.73684211 0.57894737 9.450083064321168
444.0 0.78947368 0.57894737 8.683313034307966
445.0 0.84210526 0.57894737 7.848245705957282
446.0 0.89473684 0.57894737 6.946656344505502
447.0 0.94736842 0.57894737 5.982530106957213
448.0 1.0 0.57894737 4.962294175295655
449.0 0.02631579 0.60526316 13.9043050815593
450.0 0.07894737 0.60526316 13.861706521093911
451.0 0.13157895 0.60526316 13.776186257044492
452.0 0.18421053 0.60526316 13.647097702112514
453.0 0.23684211 0.60526316 13.473470918957672
454.0 0.28947368 0.60526316 13.254014634844953
455.0 0.34210526 0.60526316 12.98712246202389
456.0 0.39473684 0.60526316 12.67088772505763
457.0 0.44736842 0.60526316 12.303131672648416
458.0 0.5 0.60526316 11.881453228366254
459.0 0.55263158 0.60526316 11.403309886699697
460.0 0.60526316 0.60526316 10.866141465931486
461.0 0.65789474 0.60526316 10.267548834233772
462.0 0.71052632 0.60526316 9.605537118630425
463.0 0.76315789 0.60526316 8.878825401651751
464.0 0.81578947 0.60526316 8.087209660552425
465.0 0.86842105 0.60526316 7.231948408517029
466.0 0.92105263 0.60526316 6.3161131437039435
467.0 0.97368421 0.60526316 5.3448346511968925
468.0 0.0 0.63157895 13.743971622334787
469.0 0.05263158 0.63157895 13.72235265027506
470.0 0.10526316 0.63157895 13.657345280357733
471.0 0.15789474 0.63157895 13.548498698756932
472.0 0.21052632 0.63157895 13.395063716592022
473.0 0.26315789 0.63157895 13.195997305778079
474.0 0.31578947 0.63157895 12.949971365529183
475.0 0.36842105 0.63157895 12.655389283570173
476.0 0.42105263 0.63157895 12.310413810263086
477.0 0.47368421 0.63157895 11.913012590815292
478.0 0.52631579 0.63157895 11.461028563857639
479.0 0.57894737 0.63157895 10.95228402115728
480.0 0.63157895 0.63157895 10.384727470698088
481.0 0.68421053 0.63157895 9.75663078428191
482.0 0.73684211 0.63157895 9.066839057696045
483.0 0.78947368 0.63157895 8.315066161758619
484.0 0.84210526 0.63157895 7.502213740185838
485.0 0.89473684 0.63157895 6.630677843419505
486.0 0.94736842 0.63157895 5.704588279933562
487.0 1.0 0.63157895 4.729926042601149
488.0 0.02631579 0.65789474 13.58363816311027
489.0 0.07894737 0.65789474 13.53976083533675
490.0 0.13157895 0.65789474 13.451727507955766
491.0 0.18421053 0.65789474 13.318983327914957
492.0 0.23684211 0.65789474 13.140702921774386
493.0 0.28947368 0.65789474 12.91580067640801
494.0 0.34210526 0.65789474 12.642947688839868
495.0 0.39473684 0.65789474 12.320599258359303
496.0 0.44736842 0.65789474 11.947036584986977
497.0 0.5 0.65789474 11.520428877259501
498.0 0.55263158 0.65789474 11.038922263105093
499.0 0.60526316 0.65789474 10.500762468892834
500.0 0.65789474 0.65789474 9.90445711373426
501.0 0.71052632 0.65789474 9.248980070529177
502.0 0.76315789 0.65789474 8.534013931602129
503.0 0.81578947 0.65789474 7.760215659105617
504.0 0.86842105 0.65789474 6.929481232568276
505.0 0.92105263 0.65789474 6.0451685888887665
506.0 0.97368421 0.65789474 5.11223673594464
507.0 0.0 0.68421053 13.445208461127045
508.0 0.05263158 0.68421053 13.423019918704188
509.0 0.10526316 0.68421053 13.356325492010013
510.0 0.15789474 0.68421053 13.244740560698375
511.0 0.21052632 0.68421053 13.087630335612507
512.0 0.26315789 0.68421053 12.884120405604445
513.0 0.31578947 0.68421053 12.63311362872033
514.0 0.36842105 0.68421053 12.333316477539782
515.0 0.42105263 0.68421053 11.983277462064168
516.0 0.47368421 0.68421053 11.581442476805355
517.0 0.52631579 0.68421053 11.126231877559722
518.0 0.57894737 0.68421053 10.616144589845733
519.0 0.63157895 0.68421053 10.049893793870249
520.0 0.68421053 0.68421053 9.426576406086802
521.0 0.73684211 0.68421053 8.745874034051957
522.0 0.78947368 0.68421053 8.008276189921405
523.0 0.84210526 0.68421053 7.215306544556612
524.0 0.89473684 0.68421053 6.369726802111154
525.0 0.94736842 0.68421053 5.475681430090853
526.0 1.0 0.68421053 4.538751191153003
527.0 0.02631579 0.71052632 13.306778759143816
528.0 0.07894737 0.71052632 13.261901917225913
529.0 0.13157895 0.71052632 13.1719117075216
530.0 0.18421053 0.71052632 13.036339699401177
531.0 0.23684211 0.71052632 12.854495397814562
532.0 0.28947368 0.71052632 12.625482553646902
533.0 0.34210526 0.71052632 12.348223595986521
534.0 0.39473684 0.71052632 12.021495366973431
535.0 0.44736842 0.71052632 11.643978637936948
536.0 0.5 0.71052632 11.214325807037977
537.0 0.55263158 0.71052632 10.731250562836298
538.0 0.60526316 0.71052632 10.193643064548699
539.0 0.65789474 0.71052632 9.600712528305191
540.0 0.71052632 0.71052632 8.952155911778572
541.0 0.76315789 0.71052632 8.248346508084829
542.0 0.81578947 0.71052632 7.490528666252946
543.0 0.86842105 0.71052632 6.681000620299605
544.0 0.92105263 0.71052632 5.8232567666879635
545.0 0.97368421 0.71052632 4.9220636288420385
546.0 0.0 0.73684211 13.190757772575026
547.0 0.05263158 0.73684211 13.168128884169008
548.0 0.10526316 0.73684211 13.100133374020443
549.0 0.15789474 0.73684211 12.98644740335756
550.0 0.21052632 0.73684211 12.826540497936271
551.0 0.26315789 0.73684211 12.61969043007344
552.0 0.31578947 0.73684211 12.365005750189384
553.0 0.36842105 0.73684211 12.061458527496585
554.0 0.42105263 0.73684211 11.70792900079319
555.0 0.47368421 0.73684211 11.303265612085074
556.0 0.52631579 0.73684211 10.846363261701752
557.0 0.57894737 0.73684211 10.336262522237988
558.0 0.63157895 0.73684211 9.772271352240834
559.0 0.68421053 0.73684211 9.15410856102289
560.0 0.73684211 0.73684211 8.482064645952645
561.0 0.78947368 0.73684211 7.757170884539855
562.0 0.84210526 0.73684211 6.98136104599392
563.0 0.89473684 0.73684211 6.157608088536737
564.0 0.94736842 0.73684211 5.2900107460131185
565.0 1.0 0.73684211 4.383811148111187
566.0 0.02631579 0.76315789 13.074736823629259
567.0 0.07894737 0.76315789 13.029098112037651
568.0 0.13157895 0.76315789 12.937621834994527
569.0 0.18421053 0.76315789 12.799916447751636
570.0 0.23684211 0.76315789 12.615410528226043
571.0 0.28947368 0.76315789 12.383373244371548
572.0 0.34210526 0.76315789 12.102943685431814
573.0 0.39473684 0.76315789 11.773171541148402
574.0 0.44736842 0.76315789 11.3930705374244
575.0 0.5 0.76315789 10.961687546774026
576.0 0.55263158 0.76315789 10.478189211147392
577.0 0.60526316 0.76315789 9.941967331049522
578.0 0.65789474 0.76315789 9.352762564660376
579.0 0.71052632 0.76315789 8.710803317089992
580.0 0.76315789 0.76315789 8.01695320235785
581.0 0.81578947 0.76315789 7.272855237389323
582.0 0.86842105 0.76315789 6.481059725884107
583.0 0.92105263 0.76315789 5.645115300779439
584.0 0.97368421 0.76315789 4.769607339706161
585.0 0.0 0.78947368 12.981510145184822
586.0 0.05263158 0.78947368 12.958550413011197
587.0 0.10526316 0.78947368 12.889579697124823
588.0 0.15789474 0.78947368 12.774326785167146
589.0 0.21052632 0.78947368 12.61235102354663
590.0 0.26315789 0.78947368 12.403060158558846
591.0 0.31578947 0.78947368 12.1457365558436
592.0 0.36842105 0.78947368 11.839573824378434
593.0 0.42105263 0.78947368 11.483724727168479
594.0 0.47368421 0.78947368 11.07736272413048
595.0 0.52631579 0.78947368 10.619758503202332
596.0 0.57894737 0.78947368 10.110372471473465
597.0 0.63157895 0.78947368 9.548962892898073
598.0 0.68421053 0.78947368 8.935707368554855
599.0 0.73684211 0.78947368 8.271332611294252
600.0 0.78947368 0.78947368 7.55724431621287
601.0 0.84210526 0.78947368 6.795644629538466
602.0 0.89473684 0.78947368 5.989625072264402
603.0 0.94736842 0.78947368 5.143217236495951
604.0 1.0 0.78947368 4.26139017705363
605.0 0.02631579 0.81578947 12.888283464574926
606.0 0.07894737 0.81578947 12.842083247462506
607.0 0.13157895 0.81578947 12.749515589635894
608.0 0.18421053 0.81578947 12.610253263871689
609.0 0.23684211 0.81578947 12.42382385438629
610.0 0.28947368 0.81578947 12.189632927762696
611.0 0.34210526 0.81578947 11.9069963611675
612.0 0.39473684 0.81578947 11.575183705031746
613.0 0.44736842 0.81578947 11.19347312024114
614.0 0.5 0.81578947 10.761219687167008
615.0 0.55263158 0.81578947 10.27793756273434
616.0 0.60526316 0.81578947 9.74339577593168
617.0 0.65789474 0.81578947 9.157725894914869
618.0 0.71052632 0.81578947 8.521537692566655
619.0 0.76315789 0.81578947 7.836036504489681
620.0 0.81578947 0.81578947 7.103132320577726
621.0 0.86842105 0.81578947 6.325531229915457
622.0 0.92105263 0.81578947 5.506794028477545
623.0 0.97368421 0.81578947 4.65135227350463
624.0 0.0 0.84210526 12.81813576689113
625.0 0.05263158 0.84210526 12.794937533212547
626.0 0.10526316 0.84210526 12.725265346501454
627.0 0.15789474 0.84210526 12.608890529750143
628.0 0.21052632 0.84210526 12.445444717022852
629.0 0.26315789 0.84210526 12.234439598273076
630.0 0.31578947 0.84210526 11.975295398375252
631.0 0.36842105 0.84210526 11.667379666072714
632.0 0.42105263 0.84210526 11.310056602507359
633.0 0.47368421 0.84210526 10.902748427158233
634.0 0.52631579 0.84210526 10.445009094176985
635.0 0.57894737 0.84210526 9.93661018208459
636.0 0.63157895 0.84210526 9.377637557270598
637.0 0.68421053 0.84210526 8.768595760935957
638.0 0.73684211 0.84210526 8.110515029481562
639.0 0.78947368 0.84210526 7.405053791255585
640.0 0.84210526 0.84210526 6.654586545303987
641.0 0.89473684 0.84210526 5.862268672554981
642.0 0.94736842 0.84210526 5.032065132594853
643.0 1.0 0.84210526 4.168736547874091
644.0 0.02631579 0.86842105 12.747988069207334
645.0 0.07894737 0.86842105 12.701395351605413
646.0 0.13157895 0.86842105 12.60806719730199
647.0 0.18421053 0.86842105 12.467726068191006
648.0 0.23684211 0.86842105 12.279975686186326
649.0 0.28947368 0.86842105 12.044325849174907
650.0 0.34210526 0.86842105 11.760226455395891
651.0 0.39473684 0.86842105 11.427112142695718
652.0 0.44736842 0.86842105 11.044457442060816
653.0 0.5 0.86842105 10.611843459163957
654.0 0.55263158 0.86842105 10.129035667642626
655.0 0.60526316 0.86842105 9.596071722029706
656.0 0.65789474 0.86842105 9.013356836206132
657.0 0.71052632 0.86842105 8.38176262005617
658.0 0.76315789 0.86842105 7.702723573519391
659.0 0.81578947 0.86842105 6.978322770841848
660.0 0.86842105 0.86842105 6.2113598598809165
661.0 0.92105263 0.86842105 5.405389571945997
662.0 0.97368421 0.86842105 4.5647246564512365
663.0 0.0 0.89473684 12.701118645773137
664.0 0.05263158 0.89473684 12.67776033095252
665.0 0.10526316 0.89473684 12.607618195755135
666.0 0.15789474 0.89473684 12.490494717201214
667.0 0.21052632 0.89473684 12.326074308789819
668.0 0.26315789 0.89473684 12.113944201055265
669.0 0.31578947 0.89473684 11.853624198996027
670.0 0.36842105 0.89473684 11.544606558139563
671.0 0.42105263 0.89473684 11.186405744063231
672.0 0.47368421 0.89473684 10.778618994514432
673.0 0.52631579 0.89473684 10.320997320806175
674.0 0.57894737 0.89473684 9.813526073502755
675.0 0.63157895 0.89473684 9.256513075260887
676.0 0.68421053 0.89473684 8.650680951357094
677.0 0.73684211 0.89473684 7.99725873845007
678.0 0.78947368 0.89473684 7.298066468006135
679.0 0.84210526 0.89473684 6.555584278801687
680.0 0.89473684 0.89473684 5.772999942863018
681.0 0.94736842 0.89473684 4.954224539771143
682.0 1.0 0.89473684 4.1038724055648625
683.0 0.02631579 0.92105263 12.654249222338938
684.0 0.07894737 0.92105263 12.607408680658395
685.0 0.13157895 0.92105263 12.513601553454729
686.0 0.18421053 0.92105263 12.372584049857135
687.0 0.23684211 0.92105263 12.184011435478851
688.0 0.28947368 0.92105263 11.947463757372107
689.0 0.34210526 0.92105263 11.662480734041187
690.0 0.39473684 0.92105263 11.32860690042545
691.0 0.44736842 0.92105263 10.945446491070927
692.0 0.5 0.92105263 10.512728585762016
693.0 0.55263158 0.92105263 10.030381570656088
694.0 0.60526316 0.92105263 9.498615333682599
695.0 0.65789474 0.92105263 8.918008409125111
696.0 0.71052632 0.92105263 8.28959594004096
697.0 0.76315789 0.92105263 7.614953090358104
698.0 0.81578947 0.92105263 6.896266441551933
699.0 0.86842105 0.92105263 6.136388042932045
700.0 0.92105263 0.92105263 5.338862296693112
701.0 0.97368421 0.92105263 4.507921633994222
702.0 0.0 0.94736842 12.630784056676053
703.0 0.05263158 0.94736842 12.607333855954035
704.0 0.10526316 0.94736842 12.536922339971891
705.0 0.15789474 0.94736842 12.419370960890666
706.0 0.21052632 0.94736842 12.254396212546844
707.0 0.26315789 0.94736842 12.041631100253575
708.0 0.31578947 0.94736842 11.780655529183555
709.0 0.36842105 0.94736842 11.4710366498456
710.0 0.42105263 0.94736842 11.112378649653408
711.0 0.47368421 0.94736842 10.704382576052629
712.0 0.52631579 0.94736842 10.246915451674822
713.0 0.57894737 0.94736842 9.740087436640607
714.0 0.63157895 0.94736842 9.184334749326151
715.0 0.68421053 0.94736842 8.580504860556315
716.0 0.73684211 0.94736842 7.9299392098003665
717.0 0.78947368 0.94736842 7.234547680204881
718.0 0.84210526 0.94736842 6.496867339195035
719.0 0.89473684 0.94736842 5.720100610868444
720.0 0.94736842 0.94736842 4.908124093269844
721.0 1.0 0.94736842 4.065465497371044
722.0 0.02631579 0.97368421 12.607318891013165
723.0 0.07894737 0.97368421 12.560358629805638
724.0 0.13157895 0.97368421 12.466320495968796
725.0 0.18421053 0.97368421 12.324977744282
726.0 0.23684211 0.97368421 12.136011625128594
727.0 0.28947368 0.97368421 11.899037506784039
728.0 0.34210526 0.97368421 11.613640118536873
729.0 0.39473684 0.97368421 11.279418846378876
730.0 0.44736842 0.97368421 10.896042360738363
731.0 0.5 0.97368421 10.463312866639209
732.0 0.55263158 0.97368421 9.98123878364197
733.0 0.60526316 0.97368421 9.450114058581768
734.0 0.65789474 0.97368421 8.870601195915125
735.0 0.71052632 0.97368421 8.243813897144063
736.0 0.76315789 0.97368421 7.571394180300733
737.0 0.81578947 0.97368421 6.855577012762191
738.0 0.86842105 0.97368421 6.099237859533965
739.0 0.92105263 0.97368421 5.305914244314653
740.0 0.97368421 0.97368421 4.4797981980773836
741.0 0.0 1.0 12.607318891013165
742.0 0.05263158 1.0 12.583838760409405
743.0 0.10526316 1.0 12.513339562887218
744.0 0.15789474 1.0 12.395649120125398
745.0 0.21052632 1.0 12.230494683565105
746.0 0.26315789 1.0 12.017524585038553
747.0 0.31578947 1.0 11.756338812660456
748.0 0.36842105 1.0 11.446529482457874
749.0 0.42105263 1.0 11.087730603558622
750.0 0.47368421 1.0 10.679677613688787
751.0 0.52631579 1.0 10.222275825140589
752.0 0.57894737 1.0 9.71567642111187
753.0 0.63157895 1.0 9.160357627248446
754.0 0.68421053 1.0 8.557207546529595
755.0 0.73684211 1.0 7.907603971689979
756.0 0.78947368 1.0 7.213485595500776
757.0 0.84210526 1.0 6.477407436148078
758.0 0.89473684 1.0 5.702576051924311
759.0 0.94736842 1.0 4.89285622119602
760.0 1.0 1.0 4.05274698047263
