181 Count=2901230
0.0 0.0 0.0 20.0
1.0 0.11111111 0.0 20.0
2.0 0.22222222 0.0 20.0
3.0 0.33333333 0.0 20.0
4.0 0.44444444 0.0 20.0
5.0 0.55555556 0.0 20.0
6.0 0.66666667 0.0 20.0
7.0 0.77777778 0.0 20.0
8.0 0.88888889 0.0 20.0
9.0 1.0 0.0 20.0
10.0 0.05555556 0.05555556 19.329161050279858
11.0 0.16666667 0.05555556 19.303626359318287
12.0 0.27777778 0.05555556 19.25007128598778
13.0 0.38888889 0.05555556 19.162680748505792
14.0 0.5 0.05555556 19.030031103664328
15.0 0.61111111 0.05555556 18.829425467663132
16.0 0.72222222 0.05555556 18.511222575479326
17.0 0.83333333 0.05555556 17.944879643892573
18.0 0.94444444 0.05555556 16.64322919185119
19.0 0.0 0.11111111 18.67080161075289
20.0 0.11111111 0.11111111 18.64584283411484
21.0 0.22222222 0.11111111 18.568662860799012
22.0 0.33333333 0.11111111 18.43162256546006
23.0 0.44444444 0.11111111 18.219100749124998
24.0 0.55555556 0.11111111 17.901024014721095
25.0 0.66666667 0.11111111 17.416678233747106
26.0 0.77777778 0.11111111 16.628212533168117
27.0 0.88888889 0.11111111 15.151306649323917
28.0 1.0 0.11111111 11.421610990845627
29.0 0.05555556 0.16666667 18.012442050523173
30.0 0.16666667 0.16666667 17.938141625954533
31.0 0.27777778 0.16666667 17.782811898188847
32.0 0.38888889 0.16666667 17.530926019711675
33.0 0.5 0.16666667 17.15276475719291
34.0 0.61111111 0.16666667 16.59187442292466
35.0 0.72222222 0.16666667 15.734190123438635
36.0 0.83333333 0.16666667 14.32255739193781
37.0 0.94444444 0.16666667 11.694559951893158
38.0 0.0 0.22222222 17.390448420981908
39.0 0.11111111 0.22222222 17.342675575305762
40.0 0.22222222 0.22222222 17.19538549468082
41.0 0.33333333 0.22222222 16.935576965770977
42.0 0.44444444 0.22222222 16.53740413945
43.0 0.55555556 0.22222222 15.953530452102678
44.0 0.66666667 0.22222222 15.096265254494357
45.0 0.77777778 0.22222222 13.795604748095478
46.0 0.88888889 0.22222222 11.715105881190068
47.0 1.0 0.22222222 8.490216233383947
48.0 0.05555556 0.27777778 16.76845467526613
49.0 0.16666667 0.27777778 16.651663704539107
50.0 0.27777778 0.27777778 16.40892447478172
51.0 0.38888889 0.27777778 16.019645153031636
52.0 0.5 0.27777778 15.446280242897592
53.0 0.61111111 0.27777778 14.623202169458622
54.0 0.72222222 0.27777778 13.435794102177676
55.0 0.83333333 0.27777778 11.689877215210386
56.0 0.94444444 0.27777778 9.153428964876031
57.0 0.0 0.33333333 16.20377634864428
58.0 0.11111111 0.33333333 16.136918581767954
59.0 0.22222222 0.33333333 15.931675420381925
60.0 0.33333333 0.33333333 15.573060310311709
61.0 0.44444444 0.33333333 15.032539539140599
62.0 0.55555556 0.33333333 14.261647128604395
63.0 0.66666667 0.33333333 13.181365992864325
64.0 0.77777778 0.33333333 11.669940523819513
65.0 0.88888889 0.33333333 9.578857715866246
66.0 1.0 0.33333333 6.829535833108403
67.0 0.05555556 0.38888889 15.639097914463099
68.0 0.16666667 0.38888889 15.488457802404032
69.0 0.27777778 0.38888889 15.17765543448136
70.0 0.38888889 0.38888889 14.686015868828557
71.0 0.5 0.38888889 13.978216512619536
72.0 0.61111111 0.38888889 12.99888946161648
73.0 0.72222222 0.38888889 11.66757815956168
74.0 0.83333333 0.38888889 9.886512614314483
75.0 0.94444444 0.38888889 7.585612201019135
76.0 0.0 0.44444444 15.148598052724426
77.0 0.11111111 0.44444444 15.067098879317681
78.0 0.22222222 0.44444444 14.818138565528976
79.0 0.33333333 0.44444444 14.387747719609823
80.0 0.44444444 0.44444444 13.75071623427404
81.0 0.55555556 0.44444444 12.867963389254756
82.0 0.66666667 0.44444444 11.684581392154916
83.0 0.77777778 0.44444444 10.134424726772611
84.0 0.88888889 0.44444444 8.162827390797496
85.0 1.0 0.44444444 5.771227624311914
86.0 0.05555556 0.5 14.65809809935774
87.0 0.16666667 0.5 14.482741500884373
88.0 0.27777778 0.5 14.123699287238638
89.0 0.38888889 0.5 13.563620006908671
90.0 0.5 0.5 12.775012203672578
91.0 0.61111111 0.5 11.719735339680053
92.0 0.72222222 0.5 10.352122632283015
93.0 0.83333333 0.5 8.631485601379998
94.0 0.94444444 0.5 6.5476993507781
95.0 0.0 0.55555556 14.254258308703836
96.0 0.11111111 0.55555556 14.162437172283854
97.0 0.22222222 0.55555556 13.883291433936526
98.0 0.33333333 0.55555556 13.405619511604877
99.0 0.44444444 0.55555556 12.71039668204884
100.0 0.55555556 0.55555556 11.770972509112672
101.0 0.66666667 0.55555556 10.555423852294119
102.0 0.77777778 0.55555556 9.034060281473595
103.0 0.88888889 0.55555556 7.194629663483777
104.0 1.0 0.55555556 5.062112317348669
105.0 0.05555556 0.61111111 13.850418586458709
106.0 0.16666667 0.61111111 13.658490624235395
107.0 0.27777778 0.61111111 13.268234415674275
108.0 0.38888889 0.61111111 12.666924399311634
109.0 0.5 0.61111111 11.836030137110962
110.0 0.61111111 0.61111111 10.753112721235397
111.0 0.72222222 0.61111111 9.396725149253108
112.0 0.83333333 0.61111111 7.7559082269357855
113.0 0.94444444 0.61111111 5.843425992736461
114.0 0.0 0.66666667 13.541742878229961
115.0 0.11111111 0.66666667 13.443235874892205
116.0 0.22222222 0.66666667 13.144997936618989
117.0 0.33333333 0.66666667 12.639028733624825
118.0 0.44444444 0.66666667 11.912652657121766
119.0 0.55555556 0.66666667 10.950098554484955
120.0 0.66666667 0.66666667 9.735955602746802
121.0 0.77777778 0.66666667 8.261460447584502
122.0 0.88888889 0.66666667 6.533482065097185
123.0 1.0 0.66666667 4.58347945500917
124.0 0.05555556 0.72222222 13.233067216758986
125.0 0.16666667 0.72222222 13.030967148691953
126.0 0.27777778 0.72222222 12.622299600582437
127.0 0.38888889 0.72222222 11.99865652696342
128.0 0.5 0.72222222 11.148999524823239
129.0 0.61111111 0.72222222 10.062252143045207
130.0 0.72222222 0.72222222 8.731732761301892
131.0 0.83333333 0.72222222 7.161476055192064
132.0 0.94444444 0.72222222 5.373118414426603
133.0 0.0 0.77777778 13.024868620138282
134.0 0.11111111 0.77777778 12.922421418469389
135.0 0.22222222 0.77777778 12.61321332472346
136.0 0.33333333 0.77777778 12.091958402715697
137.0 0.44444444 0.77777778 11.35098634666643
138.0 0.55555556 0.77777778 10.382260439364417
139.0 0.66666667 0.77777778 9.180693657091771
140.0 0.77777778 0.77777778 7.748820980100256
141.0 0.88888889 0.77777778 6.102140339308687
142.0 1.0 0.77777778 4.273371391471446
143.0 0.05555556 0.83333333 12.816670051816702
144.0 0.16666667 0.83333333 12.608981295183389
145.0 0.27777778 0.83333333 12.190605256833352
146.0 0.38888889 0.83333333 11.556272191932809
147.0 0.5 0.83333333 10.70001705921788
148.0 0.61111111 0.83333333 9.61777329557279
149.0 0.72222222 0.83333333 8.311016743669574
150.0 0.83333333 0.83333333 6.791058709558831
151.0 0.94444444 0.83333333 5.082908552199403
152.0 0.0 0.88888889 12.711919356338013
153.0 0.11111111 0.88888889 12.607470774430753
154.0 0.22222222 0.88888889 12.292819662076298
155.0 0.33333333 0.88888889 11.764429673972979
156.0 0.44444444 0.88888889 11.017714418795924
157.0 0.55555556 0.88888889 10.049106972066463
158.0 0.66666667 0.88888889 8.859031839587367
159.0 0.77777778 0.88888889 7.455520187367675
160.0 0.88888889 0.88888889 5.857752991066466
161.0 1.0 0.88888889 4.0983691262721935
162.0 0.05555556 0.94444444 12.607168670345507
163.0 0.16666667 0.94444444 12.397063080703687
164.0 0.27777778 0.94444444 11.974628978422352
165.0 0.38888889 0.94444444 11.336212193399192
166.0 0.5 0.94444444 10.478356106079033
167.0 0.61111111 0.94444444 9.400281651308866
168.0 0.72222222 0.94444444 8.107055939727365
169.0 0.83333333 0.94444444 6.612949662167005
170.0 0.94444444 0.94444444 4.944095372794032
171.0 0.0 1.0 12.607168670331912
172.0 0.11111111 1.0 12.502115880226963
173.0 0.22222222 1.0 12.185846043754054
174.0 0.33333333 1.0 11.65542060974103
175.0 0.44444444 1.0 10.907284185873944
176.0 0.55555556 1.0 9.939318827760147
177.0 0.66666667 1.0 8.7536687326426
178.0 0.77777778 1.0 7.360002729486581
179.0 0.88888889 1.0 5.778522438887699
180.0 1.0 1.0 4.04173660806682
