276
0.0 0.0 -0.0236 28.86844140761081
1.0 0.0042 -0.0236 26.72881419669887
2.0 0.0084 -0.0236 24.834673623261622
3.0 0.0125 -0.0236 23.923265438695566
4.0 0.0167 -0.0236 23.450663743754664
5.0 0.0209 -0.0236 23.3071200304476
6.0 0.0251 -0.0236 23.45223258519958
7.0 0.0292 -0.0236 23.884815305082903
8.0 0.0334 -0.0236 24.89451491765398
9.0 0.0376 -0.0236 26.35923124766233
10.0 0.0418 -0.0236 36.148312327676805
11.0 0.0418 -0.0205 45.8715090386352
12.0 0.0404 -0.0192 45.877287529436764
13.0 0.039 -0.0178 45.88356246320488
14.0 0.0375 -0.0165 45.891858050005546
15.0 0.0361 -0.0151 45.90250655499804
16.0 0.0347 -0.0137 45.91596134618049
17.0 0.0333 -0.0124 45.93123381528806
18.0 0.0319 -0.011 45.94933084003731
19.0 0.0305 -0.0096 45.97064157543125
20.0 0.0291 -0.0083 45.99388513476961
21.0 0.0276 -0.0069 46.02108048776308
22.0 0.0262 -0.0056 46.04814905488639
23.0 0.0248 -0.0042 46.078490336768844
24.0 0.0234 -0.0028 46.11193759539294
25.0 0.022 -0.0015 46.14338273834526
26.0 0.0209 -0.0015 46.14916081988725
27.0 0.0198 -0.0015 46.14675504763459
28.0 0.0184 -0.0028 46.12055015121108
29.0 0.017 -0.0042 46.0913884692659
30.0 0.0155 -0.0056 46.063519205456174
31.0 0.0141 -0.0069 46.039197522828076
32.0 0.0127 -0.0083 46.0164157933825
33.0 0.0113 -0.0096 45.996799165310776
34.0 0.0099 -0.011 45.97876747689742
35.0 0.0085 -0.0124 45.96367487440254
36.0 0.0071 -0.0137 45.951316151293284
37.0 0.0057 -0.0151 45.940944059926906
38.0 0.0042 -0.0165 45.93292864832835
39.0 0.0028 -0.0178 45.927774997705626
40.0 0.0014 -0.0192 45.92468293270579
41.0 0.0 -0.0205 45.922161715038605
42.0 0.0018 -0.0214 37.28850754239604
43.0 0.0399 -0.0214 38.580500253866354
44.0 0.0382 -0.0202 38.65270763437054
45.0 0.037 -0.0185 40.84220727974794
46.0 0.0354 -0.0176 40.50162077969476
47.0 0.0338 -0.0161 41.25059145499768
48.0 0.0322 -0.0143 42.289861974860436
49.0 0.0308 -0.0127 43.066926697886394
50.0 0.0295 -0.0113 43.59087674332292
51.0 0.0281 -0.01 43.908980770899866
52.0 0.0267 -0.0087 44.242306667489515
53.0 0.0253 -0.0073 44.64884283411978
54.0 0.0239 -0.0059 45.02760547812999
55.0 0.0226 -0.0045 45.408360136398244
56.0 0.0215 -0.0031 45.78039413832113
57.0 0.0199 -0.0031 45.80833742199281
58.0 0.0188 -0.0047 45.39557520998466
59.0 0.0176 -0.0063 44.884672052383635
60.0 0.0163 -0.0078 44.37275284082926
61.0 0.0148 -0.0093 43.904390433891244
62.0 0.0132 -0.0107 43.56843636934822
63.0 0.0117 -0.0121 43.19305023307123
64.0 0.0102 -0.0134 42.937477351304935
65.0 0.0087 -0.0148 42.50897151397497
66.0 0.0073 -0.0161 42.06818743108577
67.0 0.0059 -0.017 42.26556089288486
68.0 0.0050 -0.0185 40.41263193804173
69.0 0.0036 -0.0203 37.97066482079899
70.0 0.0357 -0.0205 34.27728061399204
71.0 0.0305 -0.0202 31.08198247869301
72.0 0.027 -0.0206 29.00534809621557
73.0 0.0233 -0.0209 27.8566381978021
74.0 0.0187 -0.0182 32.06580693413225
75.0 0.0155 -0.0205 29.013660154453827
76.0 0.0116 -0.0207 29.9440067693777
77.0 0.0071 -0.0184 37.95053336352742
78.0 0.0206 -0.0048 45.15919814454651
79.0 0.0313 -0.0169 37.53100901076178
80.0 0.0296 -0.0148 39.43284074634168
81.0 0.0285 -0.0175 34.76039251063634
82.0 0.0283 -0.013 40.88461141822881
83.0 0.0274 -0.0115 42.051245100026605
84.0 0.0269 -0.0152 37.372503480861056
85.0 0.0259 -0.0105 42.32795501009519
86.0 0.0244 -0.0092 42.934642784336084
87.0 0.023 -0.0078 43.65720277126253
88.0 0.0217 -0.0063 44.435873410313015
89.0 0.0255 -0.0129 39.66805494181967
90.0 0.0253 -0.018 32.77647693133666
91.0 0.0196 -0.0066 44.30931402423285
92.0 0.0208 -0.0082 43.18184004892546
93.0 0.0222 -0.0098 41.97830172629503
94.0 0.0237 -0.0113 40.844194228432016
95.0 0.0239 -0.0156 35.87282061421595
96.0 0.0226 -0.0136 38.14783402212362
97.0 0.0212 -0.0118 40.00309171120703
98.0 0.0198 -0.0102 41.6044084247966
99.0 0.0185 -0.0083 43.35437075331679
100.0 0.0219 -0.0183 31.800537679306377
101.0 0.0204 -0.0139 37.690866031301866
102.0 0.0184 -0.0125 39.52231302468746
103.0 0.0172 -0.01 42.30569201360762
104.0 0.021 -0.0159 35.15629959973597
105.0 0.016 -0.0171 34.28696640465506
106.0 0.0155 -0.0117 41.29496036045189
107.0 0.0137 -0.0131 40.661002313580305
108.0 0.012 -0.0144 40.11797601067443
109.0 0.0105 -0.0158 39.27678116738532
110.0 0.0090 -0.0173 38.124874773936014
111.0 0.0109 -0.0181 35.16031482642634
112.0 0.0134 -0.0182 33.58872745659073
113.0 0.0122 -0.0165 36.94804377335521
114.0 0.0139 -0.0156 37.30797126870953
115.0 0.016 -0.0143 38.10672668534088
116.0 0.0184 -0.0154 36.04766133844039
117.0 0.0333 -0.0191 35.196238969515875
118.0 0.0062 -0.0208 33.33467953894114
119.0 0.0089 -0.0199 33.12849128788839
120.0 0.0195 -0.0209 27.782514512833526
121.0 0.0 -0.0175 45.92492868674914
122.0 0.0 -0.019 45.92430663895612
123.0 0.019 -7.0E-4 46.14868849097214
124.0 0.0182 0.0 46.15595223103021
125.0 0.0169 -0.0013 46.1192973682707
126.0 0.0156 -0.0025 46.09263869704765
127.0 0.0143 -0.0038 46.06721668853272
128.0 0.013 -0.0050 46.04444084423888
129.0 0.0117 -0.0063 46.02268554550616
130.0 0.0104 -0.0075 46.003656004979916
131.0 0.0091 -0.0088 45.98603996497318
132.0 0.0078 -0.01 45.971201819088456
133.0 0.0065 -0.0113 45.958001541497275
134.0 0.0052 -0.0125 45.94722161338619
135.0 0.0039 -0.0138 45.93824800801931
136.0 0.0026 -0.015 45.931563955023556
137.0 0.0013 -0.0163 45.92686414297698
138.0 0.0095 -0.01 45.98221306525789
139.0 0.0041 -0.0151 45.9360091303655
140.0 0.0014 -0.0177 45.92617554526942
141.0 0.0027 -0.0164 45.92982005651874
142.0 0.0068 -0.0125 45.95490156049811
143.0 0.0055 -0.0138 45.944530957967594
144.0 0.0082 -0.0112 45.968006593962265
145.0 0.0129 -0.0066 46.031167068961395
146.0 0.0117 -0.0078 46.01223585213789
147.0 0.0104 -0.0088 45.995639647643145
148.0 0.0156 -0.0040 46.07900267263064
149.0 0.0143 -0.0053 46.054599025026405
150.0 0.0169 -0.0028 46.104259317353105
151.0 0.0181 -0.0016 46.13012003468156
152.0 0.0418 -0.019 45.875457845149754
153.0 0.0418 -0.0175 45.87774400309421
154.0 0.0405 -0.0163 45.88251620523042
155.0 0.0392 -0.015 45.88997487008546
156.0 0.0379 -0.0138 45.89930855439521
157.0 0.0366 -0.0125 45.911058377014896
158.0 0.0353 -0.0113 45.92453733221312
159.0 0.034 -0.01 45.940527839753116
160.0 0.0327 -0.0088 45.957945354953516
161.0 0.0313 -0.0075 45.97958242766069
162.0 0.03 -0.0063 46.00209508248673
163.0 0.0287 -0.0050 46.0269781205039
164.0 0.0274 -0.0038 46.052747096626355
165.0 0.0261 -0.0025 46.08155174311622
166.0 0.0248 -0.0013 46.1117199976834
167.0 0.0235 0.0 46.151456243856565
168.0 0.0228 -7.0E-4 46.14441076954557
169.0 0.0323 -0.01 45.95341086319039
170.0 0.0275 -0.0053 46.03726512022822
171.0 0.0249 -0.0028 46.09333481669741
172.0 0.0237 -0.0016 46.12273105796857
173.0 0.0262 -0.0040 46.06471795616376
174.0 0.0301 -0.0078 45.98880550665734
175.0 0.0313 -0.0088 45.97011668737213
176.0 0.0288 -0.0066 46.01178216281525
177.0 0.0363 -0.0138 45.90730489693442
178.0 0.0336 -0.0112 45.93650444547892
179.0 0.035 -0.0125 45.92049092486238
180.0 0.039 -0.0164 45.88724032718093
181.0 0.0377 -0.0151 45.89592246115801
182.0 0.0404 -0.0177 45.88040494320406
183.0 0.0228 7.0E-4 46.1612202674593
184.0 0.022 0.0015 46.16616430826857
185.0 0.0209 0.0015 46.16491312796685
186.0 0.0198 0.0015 46.16855166394938
187.0 0.019 7.0E-4 46.16470008018271
188.0 0.0215 0.0 46.15519070095797
189.0 0.0202 0.0 46.1565562780806
190.0 0.0418 0.0175 46.351444865800225
191.0 0.0418 0.019 46.354185471165124
192.0 0.0418 0.0205 46.357484794239646
193.0 0.0404 0.0192 46.3562437993112
194.0 0.039 0.0178 46.35384510992564
195.0 0.0375 0.0165 46.34988109801757
196.0 0.0361 0.0151 46.343516630032624
197.0 0.0347 0.0137 46.33501832290029
198.0 0.0333 0.0124 46.32495440679921
199.0 0.0319 0.011 46.31235127089608
200.0 0.0305 0.0096 46.29729819223968
201.0 0.0291 0.0083 46.280781650910015
202.0 0.0276 0.0069 46.26081283149808
203.0 0.0262 0.0056 46.24018827461402
204.0 0.0248 0.0042 46.21636664379997
205.0 0.0234 0.0028 46.189864459908506
206.0 0.0248 0.0013 46.185122827419335
207.0 0.0261 0.0025 46.20906689864845
208.0 0.0274 0.0038 46.23171929104544
209.0 0.0287 0.0050 46.25164255584814
210.0 0.0301 0.0063 46.27084274788188
211.0 0.0314 0.0075 46.286634620146145
212.0 0.0327 0.0088 46.30141130252599
213.0 0.034 0.01 46.3136620242494
214.0 0.0353 0.0113 46.324644081104665
215.0 0.0366 0.0125 46.33339434936178
216.0 0.0379 0.0138 46.340764076362
217.0 0.0392 0.015 46.34606455124218
218.0 0.0405 0.0163 46.34985742950089
219.0 0.0323 0.01 46.30720267337697
220.0 0.0377 0.0151 46.344987706625986
221.0 0.0404 0.0177 46.35280607068206
222.0 0.039 0.0164 46.34981862285009
223.0 0.035 0.0125 46.32962483475939
224.0 0.0363 0.0138 46.338168929102274
225.0 0.0336 0.0112 46.318904584218714
226.0 0.0288 0.0066 46.265300005445745
227.0 0.0301 0.0078 46.28195564505326
228.0 0.0313 0.0088 46.295019297026364
229.0 0.0262 0.0040 46.22456611099726
230.0 0.0275 0.0053 46.24597907103013
231.0 0.0249 0.0028 46.20212549386908
232.0 0.0236 0.0016 46.17785019930362
233.0 0.0 0.0175 46.39247829920519
234.0 0.0013 0.0162 46.38748794166329
235.0 0.0026 0.015 46.38083549114509
236.0 0.0039 0.0137 46.3720970962836
237.0 0.0052 0.0125 46.36214489218866
238.0 0.0065 0.0112 46.34990897319642
239.0 0.0078 0.01 46.336566088772805
240.0 0.0091 0.0087 46.320729399512764
241.0 0.0104 0.0075 46.30371608208697
242.0 0.0117 0.0062 46.28408806695008
243.0 0.013 0.0050 46.26351009438803
244.0 0.0143 0.0037 46.240338978019295
245.0 0.0156 0.0025 46.216478198170314
246.0 0.0169 0.0012 46.18945093068274
247.0 0.0184 0.0028 46.194625182823486
248.0 0.017 0.0042 46.22303807414262
249.0 0.0155 0.0056 46.25015079974872
250.0 0.0141 0.0069 46.273807269077956
251.0 0.0127 0.0083 46.29629410185145
252.0 0.0113 0.0096 46.315725676758106
253.0 0.0099 0.011 46.33398341379236
254.0 0.0085 0.0124 46.349743175688566
255.0 0.0071 0.0137 46.36291113125438
256.0 0.0057 0.0151 46.37467412142943
257.0 0.0042 0.0165 46.384494563307676
258.0 0.0028 0.0178 46.391751851122
259.0 0.0014 0.0192 46.3976066130873
260.0 0.0 0.0205 46.40219589414634
261.0 0.0 0.019 46.39708935860568
262.0 0.0094 0.01 46.32864258054754
263.0 0.0143 0.0053 46.25630060066591
264.0 0.0169 0.0028 46.20790770350587
265.0 0.0181 0.0016 46.18279406264572
266.0 0.0156 0.0040 46.232411704703594
267.0 0.0117 0.0078 46.29792388742682
268.0 0.0104 0.0088 46.314039998137595
269.0 0.0129 0.0066 46.279179893607434
270.0 0.0055 0.0138 46.36807273510441
271.0 0.0082 0.0112 46.342695112599905
272.0 0.0068 0.0125 46.35649803713882
273.0 0.0027 0.0164 46.38619321723861
274.0 0.0041 0.0151 46.37806092091987
275.0 0.0014 0.0177 46.392323355411655
