141
0.0 0.020971302 -0.016666667 28.309061745558953
1.0 0.020971302 -0.015099338 29.937041578429746
2.0 0.020971302 -0.013509934 33.84526162570662
3.0 0.020971302 -0.011942605 37.87031556033248
4.0 0.020971302 -0.010375276 41.903092207285624
5.0 0.020971302 -0.008807947 45.92831482791359
6.0 0.020971302 -0.007240618 49.94835903474968
7.0 0.020971302 -0.005342163 49.951803970155204
8.0 0.019337748 -0.005342163 49.94960995195942
9.0 0.017704194 -0.005342163 49.94305229148081
10.0 0.01607064 -0.005342163 49.93211182380586
11.0 0.014437086 -0.005342163 49.91667904981906
12.0 0.012825607 -0.005342163 49.896380251234646
13.0 0.011346578 -0.004790287 49.874877450888185
14.0 0.010750552 -0.003333333 49.86533973351761
15.0 0.010750552 -0.003311258 49.86530159701089
16.0 0.011103753 -0.001743929 49.86493883453855
17.0 0.011236203 -1.3245E-4 49.86780705678323
18.0 0.011147903 0.001479029 49.874179413702564
19.0 0.010816777 0.003068433 49.88345921559596
20.0 0.010264901 0.004569536 49.89441940428437
21.0 0.009492274 0.006004415 49.90669652287045
22.0 0.008543046 0.007306843 49.91918945432662
23.0 0.007395143 0.008454746 49.9313116543752
24.0 0.00611479 0.009426049 49.94197068169224
25.0 0.004701987 0.010198675 49.95082058913543
26.0 0.003200883 0.010772627 49.957524936518226
27.0 0.001611479 0.011125828 49.96179906630164
28.0 0.0 0.011236203 49.963263662920944
29.0 0.0 0.01 49.95971471856298
30.0 0.001743929 0.009845475 49.957637191789985
31.0 0.003421634 0.009381898 49.951613762178894
32.0 0.004988962 0.008653422 49.94223638070771
33.0 0.006423841 0.007660044 49.92992712895717
34.0 0.007660044 0.006423841 49.915698927960584
35.0 0.008653422 0.004988962 49.900830041737386
36.0 0.009381898 0.003421634 49.886881815128646
37.0 0.009845475 0.001743929 49.87500193452572
38.0 0.009977925 0.0 49.86678155664616
39.0 0.009845475 -0.001743929 49.86317893183632
40.0 0.009381898 -0.003421634 49.86242930006044
41.0 0.008653422 -0.004988962 49.85622010411003
42.0 0.007660044 -0.006423841 49.837644938921976
43.0 0.006423841 -0.007660044 49.809003755051855
44.0 0.004988962 -0.008653422 49.785003761962294
45.0 0.003421634 -0.009381898 49.767830521478594
46.0 0.001743929 -0.009845475 49.75724246067504
47.0 0.0 -0.01 49.75368443991262
48.0 0.0 -0.011236203 49.754515992094724
49.0 0.001390728 -0.011125828 49.75648313190206
50.0 0.002759382 -0.010816777 49.762006176629185
51.0 0.00410596 -0.010441501 49.770716913960285
52.0 0.005342163 -0.009801325 49.78336031717456
53.0 0.006556291 -0.009116998 49.799375800001215
54.0 0.007593819 -0.008189845 49.81849368986273
55.0 0.008609272 -0.007240618 49.84290982599872
56.0 0.010375276 -0.007240618 49.86689302255515
57.0 0.01214128 -0.007240618 49.887254721996996
58.0 0.013907285 -0.007240618 49.90798159241153
59.0 0.015673289 -0.007240618 49.92550151565174
60.0 0.017439294 -0.007240618 49.9381902015161
61.0 0.019205298 -0.007240618 49.94582151709087
62.0 0.011059603 -0.005871965 49.8742578632645
63.0 0.009426049 -0.00607064 49.857811380180955
64.0 0.010198675 -0.004547461 49.86586372393979
65.0 0.0 -0.012604857 43.48718775053863
66.0 0.0 -0.013951435 37.89066811463841
67.0 0.0 -0.015298013 32.61761696254181
68.0 0.0 -0.016666667 27.46225301815665
69.0 0.001743929 -0.016666667 27.37359139403828
70.0 0.003487859 -0.016666667 27.12644520725168
71.0 0.005231788 -0.016666667 26.77826427082074
72.0 0.006997792 -0.016666667 26.411995441572138
73.0 0.008741722 -0.016666667 26.08292414694101
74.0 0.010485651 -0.016666667 25.822218677406628
75.0 0.012229581 -0.016666667 25.624074891510357
76.0 0.01397351 -0.016666667 25.499823142770055
77.0 0.015717439 -0.016666667 25.427774372725846
78.0 0.017461369 -0.016666667 25.409459397913327
79.0 0.019227373 -0.016666667 25.708603267734702
80.0 0.019779249 -0.015584989 28.22797773315001
81.0 0.001147903 -0.015717439 30.960970100918708
82.0 0.019801325 -0.008300221 47.23159301135197
83.0 0.001103753 -0.01214128 45.32660288401955
84.0 0.001346578 -0.014525386 35.48654527260459
85.0 0.001368653 -0.013289183 40.39546245908594
86.0 0.019514349 -0.009668874 43.72243209118404
87.0 0.019426049 -0.01419426 32.00443801135926
88.0 0.019337748 -0.011169978 39.86178409966033
89.0 0.002582781 -0.012384106 43.47493251256119
90.0 0.019028698 -0.012693157 35.921229952932364
91.0 0.00397351 -0.01187638 44.35745727416084
92.0 0.018256071 -0.015364238 28.918597171865578
93.0 0.018300221 -0.008565121 46.559813401459074
94.0 0.002626932 -0.015408389 31.856347421379688
95.0 0.016600442 -0.015298013 29.09802711067605
96.0 0.014856512 -0.015320088 29.117893953484522
97.0 0.013024283 -0.015253863 29.47119083864028
98.0 0.011192053 -0.014988962 30.506484653419758
99.0 0.009514349 -0.015298013 30.013662867402854
100.0 0.007704194 -0.015320088 30.47705890654237
101.0 0.00602649 -0.015298013 31.1441967083272
102.0 0.004216336 -0.015143488 32.32361264040272
103.0 0.016666667 -0.008675497 46.300348575915805
104.0 0.014922737 -0.008697572 46.29731320756909
105.0 0.013112583 -0.008741722 46.30313008337125
106.0 0.011346578 -0.008653422 46.74202691561424
107.0 0.009448124 -0.008697572 47.220313863036004
108.0 0.00803532 -0.009668874 46.36453881958872
109.0 0.005386313 -0.011258278 45.03718655567472
110.0 0.006710817 -0.010573951 45.5600087978976
111.0 0.002759382 -0.013995585 37.09102842353014
112.0 0.003951435 -0.013355408 38.878307505903834
113.0 0.005253863 -0.01406181 35.633251191500605
114.0 0.005386313 -0.012715232 40.1169332552366
115.0 0.006799117 -0.013774834 35.71917237431045
116.0 0.006732892 -0.012119205 40.93663509151616
117.0 0.008057395 -0.011280353 42.24777089196301
118.0 0.008145695 -0.012803532 37.88175298681802
119.0 0.008344371 -0.014172185 33.743473593575935
120.0 0.009359823 -0.010463576 43.39768426089733
121.0 0.010662252 -0.009889625 44.10137216912147
122.0 0.009492274 -0.01209713 39.108422471886925
123.0 0.009735099 -0.013752759 34.40398493870009
124.0 0.010838852 -0.011346578 40.46084329138791
125.0 0.010949227 -0.013046358 35.948120534785616
126.0 0.012339956 -0.013774834 33.61987128402946
127.0 0.014083885 -0.014039735 32.634376517054136
128.0 0.01584989 -0.013995585 32.59943523497333
129.0 0.012339956 -0.010264901 42.72023459008711
130.0 0.012163355 -0.01200883 38.35287406219747
131.0 0.013421634 -0.012781457 36.07099023028792
132.0 0.013730684 -0.011434879 39.51864688427947
133.0 0.014216336 -0.010110375 42.81520401041178
134.0 0.014988962 -0.012715232 36.043852380208804
135.0 0.016092715 -0.010110375 42.67492765566353
136.0 0.016887417 -0.012715232 35.912237496247116
137.0 0.017505519 -0.011456954 39.15634714427296
138.0 0.017880795 -0.010022075 42.83791421651474
139.0 0.015584989 -0.011434879 39.315349276169655
140.0 0.017704194 -0.01397351 32.58984982747523
