624
0.0 40.0 0.0 1.0
1.0 41.0 1.0 2.0
2.0 42.0 2.0 3.0
3.0 43.0 3.0 4.0
4.0 44.0 4.0 5.0
5.0 45.0 5.0 6.0
6.0 46.0 6.0 7.0
7.0 47.0 7.0 8.0
8.0 48.0 8.0 9.0
9.0 49.0 9.0 10.0
10.0 50.0 10.0 11.0
11.0 51.0 11.0 12.0
12.0 52.0 12.0 13.0
13.0 53.0 13.0 14.0
14.0 54.0 14.0 15.0
15.0 55.0 15.0 16.0
16.0 56.0 16.0 17.0
17.0 57.0 17.0 18.0
18.0 58.0 18.0 19.0
19.0 59.0 19.0 20.0
20.0 60.0 20.0 21.0
21.0 61.0 21.0 22.0
22.0 62.0 22.0 23.0
23.0 63.0 23.0 24.0
24.0 64.0 24.0 25.0
25.0 65.0 25.0 26.0
26.0 66.0 26.0 27.0
27.0 67.0 27.0 28.0
28.0 68.0 28.0 29.0
29.0 69.0 29.0 30.0
30.0 70.0 30.0 31.0
31.0 71.0 31.0 32.0
32.0 72.0 32.0 33.0
33.0 73.0 33.0 34.0
34.0 74.0 34.0 35.0
35.0 75.0 35.0 36.0
36.0 76.0 36.0 37.0
37.0 77.0 37.0 38.0
38.0 78.0 38.0 39.0
39.0 40.0 79.0 0.0
40.0 40.0 80.0 79.0
41.0 1.0 80.0 40.0
42.0 41.0 80.0 1.0
43.0 41.0 81.0 80.0
44.0 2.0 81.0 41.0
45.0 42.0 81.0 2.0
46.0 42.0 82.0 81.0
47.0 3.0 82.0 42.0
48.0 43.0 82.0 3.0
49.0 43.0 83.0 82.0
50.0 4.0 83.0 43.0
51.0 44.0 83.0 4.0
52.0 44.0 84.0 83.0
53.0 5.0 84.0 44.0
54.0 45.0 84.0 5.0
55.0 45.0 85.0 84.0
56.0 6.0 85.0 45.0
57.0 46.0 85.0 6.0
58.0 46.0 86.0 85.0
59.0 7.0 86.0 46.0
60.0 47.0 86.0 7.0
61.0 47.0 87.0 86.0
62.0 8.0 87.0 47.0
63.0 48.0 87.0 8.0
64.0 48.0 88.0 87.0
65.0 9.0 88.0 48.0
66.0 49.0 88.0 9.0
67.0 49.0 89.0 88.0
68.0 10.0 89.0 49.0
69.0 50.0 89.0 10.0
70.0 50.0 90.0 89.0
71.0 11.0 90.0 50.0
72.0 51.0 90.0 11.0
73.0 51.0 91.0 90.0
74.0 12.0 91.0 51.0
75.0 52.0 91.0 12.0
76.0 52.0 92.0 91.0
77.0 13.0 92.0 52.0
78.0 53.0 92.0 13.0
79.0 53.0 93.0 92.0
80.0 14.0 93.0 53.0
81.0 54.0 93.0 14.0
82.0 54.0 94.0 93.0
83.0 15.0 94.0 54.0
84.0 55.0 94.0 15.0
85.0 55.0 95.0 94.0
86.0 16.0 95.0 55.0
87.0 56.0 95.0 16.0
88.0 56.0 96.0 95.0
89.0 17.0 96.0 56.0
90.0 57.0 96.0 17.0
91.0 57.0 97.0 96.0
92.0 18.0 97.0 57.0
93.0 58.0 97.0 18.0
94.0 58.0 98.0 97.0
95.0 19.0 98.0 58.0
96.0 59.0 98.0 19.0
97.0 59.0 99.0 98.0
98.0 20.0 99.0 59.0
99.0 60.0 99.0 20.0
100.0 60.0 100.0 99.0
101.0 21.0 100.0 60.0
102.0 61.0 100.0 21.0
103.0 61.0 101.0 100.0
104.0 22.0 101.0 61.0
105.0 62.0 101.0 22.0
106.0 62.0 102.0 101.0
107.0 23.0 102.0 62.0
108.0 63.0 102.0 23.0
109.0 63.0 103.0 102.0
110.0 24.0 103.0 63.0
111.0 64.0 103.0 24.0
112.0 64.0 104.0 103.0
113.0 25.0 104.0 64.0
114.0 65.0 104.0 25.0
115.0 65.0 105.0 104.0
116.0 26.0 105.0 65.0
117.0 66.0 105.0 26.0
118.0 66.0 106.0 105.0
119.0 27.0 106.0 66.0
120.0 67.0 106.0 27.0
121.0 67.0 107.0 106.0
122.0 28.0 107.0 67.0
123.0 68.0 107.0 28.0
124.0 68.0 108.0 107.0
125.0 29.0 108.0 68.0
126.0 69.0 108.0 29.0
127.0 69.0 109.0 108.0
128.0 30.0 109.0 69.0
129.0 70.0 109.0 30.0
130.0 70.0 110.0 109.0
131.0 31.0 110.0 70.0
132.0 71.0 110.0 31.0
133.0 71.0 111.0 110.0
134.0 32.0 111.0 71.0
135.0 72.0 111.0 32.0
136.0 72.0 112.0 111.0
137.0 33.0 112.0 72.0
138.0 73.0 112.0 33.0
139.0 73.0 113.0 112.0
140.0 34.0 113.0 73.0
141.0 74.0 113.0 34.0
142.0 74.0 114.0 113.0
143.0 35.0 114.0 74.0
144.0 75.0 114.0 35.0
145.0 75.0 115.0 114.0
146.0 36.0 115.0 75.0
147.0 76.0 115.0 36.0
148.0 76.0 116.0 115.0
149.0 37.0 116.0 76.0
150.0 77.0 116.0 37.0
151.0 77.0 117.0 116.0
152.0 38.0 117.0 77.0
153.0 78.0 117.0 38.0
154.0 78.0 118.0 117.0
155.0 39.0 118.0 78.0
156.0 119.0 79.0 80.0
157.0 120.0 80.0 81.0
158.0 121.0 81.0 82.0
159.0 122.0 82.0 83.0
160.0 123.0 83.0 84.0
161.0 124.0 84.0 85.0
162.0 125.0 85.0 86.0
163.0 126.0 86.0 87.0
164.0 127.0 87.0 88.0
165.0 128.0 88.0 89.0
166.0 129.0 89.0 90.0
167.0 130.0 90.0 91.0
168.0 131.0 91.0 92.0
169.0 132.0 92.0 93.0
170.0 133.0 93.0 94.0
171.0 134.0 94.0 95.0
172.0 135.0 95.0 96.0
173.0 136.0 96.0 97.0
174.0 137.0 97.0 98.0
175.0 138.0 98.0 99.0
176.0 139.0 99.0 100.0
177.0 140.0 100.0 101.0
178.0 141.0 101.0 102.0
179.0 142.0 102.0 103.0
180.0 143.0 103.0 104.0
181.0 144.0 104.0 105.0
182.0 145.0 105.0 106.0
183.0 146.0 106.0 107.0
184.0 147.0 107.0 108.0
185.0 148.0 108.0 109.0
186.0 149.0 109.0 110.0
187.0 150.0 110.0 111.0
188.0 151.0 111.0 112.0
189.0 152.0 112.0 113.0
190.0 153.0 113.0 114.0
191.0 154.0 114.0 115.0
192.0 155.0 115.0 116.0
193.0 156.0 116.0 117.0
194.0 157.0 117.0 118.0
195.0 119.0 158.0 79.0
196.0 119.0 159.0 158.0
197.0 80.0 159.0 119.0
198.0 120.0 159.0 80.0
199.0 120.0 160.0 159.0
200.0 81.0 160.0 120.0
201.0 121.0 160.0 81.0
202.0 121.0 161.0 160.0
203.0 82.0 161.0 121.0
204.0 122.0 161.0 82.0
205.0 122.0 162.0 161.0
206.0 83.0 162.0 122.0
207.0 123.0 162.0 83.0
208.0 123.0 163.0 162.0
209.0 84.0 163.0 123.0
210.0 124.0 163.0 84.0
211.0 124.0 164.0 163.0
212.0 85.0 164.0 124.0
213.0 125.0 164.0 85.0
214.0 125.0 165.0 164.0
215.0 86.0 165.0 125.0
216.0 126.0 165.0 86.0
217.0 126.0 166.0 165.0
218.0 87.0 166.0 126.0
219.0 127.0 166.0 87.0
220.0 127.0 167.0 166.0
221.0 88.0 167.0 127.0
222.0 128.0 167.0 88.0
223.0 128.0 168.0 167.0
224.0 89.0 168.0 128.0
225.0 129.0 168.0 89.0
226.0 129.0 169.0 168.0
227.0 90.0 169.0 129.0
228.0 130.0 169.0 90.0
229.0 130.0 170.0 169.0
230.0 91.0 170.0 130.0
231.0 131.0 170.0 91.0
232.0 131.0 171.0 170.0
233.0 92.0 171.0 131.0
234.0 132.0 171.0 92.0
235.0 132.0 172.0 171.0
236.0 93.0 172.0 132.0
237.0 133.0 172.0 93.0
238.0 133.0 173.0 172.0
239.0 94.0 173.0 133.0
240.0 134.0 173.0 94.0
241.0 134.0 174.0 173.0
242.0 95.0 174.0 134.0
243.0 135.0 174.0 95.0
244.0 135.0 175.0 174.0
245.0 96.0 175.0 135.0
246.0 136.0 175.0 96.0
247.0 136.0 176.0 175.0
248.0 97.0 176.0 136.0
249.0 137.0 176.0 97.0
250.0 137.0 177.0 176.0
251.0 98.0 177.0 137.0
252.0 138.0 177.0 98.0
253.0 138.0 178.0 177.0
254.0 99.0 178.0 138.0
255.0 139.0 178.0 99.0
256.0 139.0 179.0 178.0
257.0 100.0 179.0 139.0
258.0 140.0 179.0 100.0
259.0 140.0 180.0 179.0
260.0 101.0 180.0 140.0
261.0 141.0 180.0 101.0
262.0 141.0 181.0 180.0
263.0 102.0 181.0 141.0
264.0 142.0 181.0 102.0
265.0 142.0 182.0 181.0
266.0 103.0 182.0 142.0
267.0 143.0 182.0 103.0
268.0 143.0 183.0 182.0
269.0 104.0 183.0 143.0
270.0 144.0 183.0 104.0
271.0 144.0 184.0 183.0
272.0 105.0 184.0 144.0
273.0 145.0 184.0 105.0
274.0 145.0 185.0 184.0
275.0 106.0 185.0 145.0
276.0 146.0 185.0 106.0
277.0 146.0 186.0 185.0
278.0 107.0 186.0 146.0
279.0 147.0 186.0 107.0
280.0 147.0 187.0 186.0
281.0 108.0 187.0 147.0
282.0 148.0 187.0 108.0
283.0 148.0 188.0 187.0
284.0 109.0 188.0 148.0
285.0 149.0 188.0 109.0
286.0 149.0 189.0 188.0
287.0 110.0 189.0 149.0
288.0 150.0 189.0 110.0
289.0 150.0 190.0 189.0
290.0 111.0 190.0 150.0
291.0 151.0 190.0 111.0
292.0 151.0 191.0 190.0
293.0 112.0 191.0 151.0
294.0 152.0 191.0 112.0
295.0 152.0 192.0 191.0
296.0 113.0 192.0 152.0
297.0 153.0 192.0 113.0
298.0 153.0 193.0 192.0
299.0 114.0 193.0 153.0
300.0 154.0 193.0 114.0
301.0 154.0 194.0 193.0
302.0 115.0 194.0 154.0
303.0 155.0 194.0 115.0
304.0 155.0 195.0 194.0
305.0 116.0 195.0 155.0
306.0 156.0 195.0 116.0
307.0 156.0 196.0 195.0
308.0 117.0 196.0 156.0
309.0 157.0 196.0 117.0
310.0 157.0 197.0 196.0
311.0 118.0 197.0 157.0
312.0 198.0 158.0 159.0
313.0 199.0 159.0 160.0
314.0 200.0 160.0 161.0
315.0 201.0 161.0 162.0
316.0 202.0 162.0 163.0
317.0 203.0 163.0 164.0
318.0 204.0 164.0 165.0
319.0 205.0 165.0 166.0
320.0 206.0 166.0 167.0
321.0 207.0 167.0 168.0
322.0 208.0 168.0 169.0
323.0 209.0 169.0 170.0
324.0 210.0 170.0 171.0
325.0 211.0 171.0 172.0
326.0 212.0 172.0 173.0
327.0 213.0 173.0 174.0
328.0 214.0 174.0 175.0
329.0 215.0 175.0 176.0
330.0 216.0 176.0 177.0
331.0 217.0 177.0 178.0
332.0 218.0 178.0 179.0
333.0 219.0 179.0 180.0
334.0 220.0 180.0 181.0
335.0 221.0 181.0 182.0
336.0 222.0 182.0 183.0
337.0 223.0 183.0 184.0
338.0 224.0 184.0 185.0
339.0 225.0 185.0 186.0
340.0 226.0 186.0 187.0
341.0 227.0 187.0 188.0
342.0 228.0 188.0 189.0
343.0 229.0 189.0 190.0
344.0 230.0 190.0 191.0
345.0 231.0 191.0 192.0
346.0 232.0 192.0 193.0
347.0 233.0 193.0 194.0
348.0 234.0 194.0 195.0
349.0 235.0 195.0 196.0
350.0 236.0 196.0 197.0
351.0 198.0 237.0 158.0
352.0 198.0 238.0 237.0
353.0 159.0 238.0 198.0
354.0 199.0 238.0 159.0
355.0 199.0 239.0 238.0
356.0 160.0 239.0 199.0
357.0 200.0 239.0 160.0
358.0 200.0 240.0 239.0
359.0 161.0 240.0 200.0
360.0 201.0 240.0 161.0
361.0 201.0 241.0 240.0
362.0 162.0 241.0 201.0
363.0 202.0 241.0 162.0
364.0 202.0 242.0 241.0
365.0 163.0 242.0 202.0
366.0 203.0 242.0 163.0
367.0 203.0 243.0 242.0
368.0 164.0 243.0 203.0
369.0 204.0 243.0 164.0
370.0 204.0 244.0 243.0
371.0 165.0 244.0 204.0
372.0 205.0 244.0 165.0
373.0 205.0 245.0 244.0
374.0 166.0 245.0 205.0
375.0 206.0 245.0 166.0
376.0 206.0 246.0 245.0
377.0 167.0 246.0 206.0
378.0 207.0 246.0 167.0
379.0 207.0 247.0 246.0
380.0 168.0 247.0 207.0
381.0 208.0 247.0 168.0
382.0 208.0 248.0 247.0
383.0 169.0 248.0 208.0
384.0 209.0 248.0 169.0
385.0 209.0 249.0 248.0
386.0 170.0 249.0 209.0
387.0 210.0 249.0 170.0
388.0 210.0 250.0 249.0
389.0 171.0 250.0 210.0
390.0 211.0 250.0 171.0
391.0 211.0 251.0 250.0
392.0 172.0 251.0 211.0
393.0 212.0 251.0 172.0
394.0 212.0 252.0 251.0
395.0 173.0 252.0 212.0
396.0 213.0 252.0 173.0
397.0 213.0 253.0 252.0
398.0 174.0 253.0 213.0
399.0 214.0 253.0 174.0
400.0 214.0 254.0 253.0
401.0 175.0 254.0 214.0
402.0 215.0 254.0 175.0
403.0 215.0 255.0 254.0
404.0 176.0 255.0 215.0
405.0 216.0 255.0 176.0
406.0 216.0 256.0 255.0
407.0 177.0 256.0 216.0
408.0 217.0 256.0 177.0
409.0 217.0 257.0 256.0
410.0 178.0 257.0 217.0
411.0 218.0 257.0 178.0
412.0 218.0 258.0 257.0
413.0 179.0 258.0 218.0
414.0 219.0 258.0 179.0
415.0 219.0 259.0 258.0
416.0 180.0 259.0 219.0
417.0 220.0 259.0 180.0
418.0 220.0 260.0 259.0
419.0 181.0 260.0 220.0
420.0 221.0 260.0 181.0
421.0 221.0 261.0 260.0
422.0 182.0 261.0 221.0
423.0 222.0 261.0 182.0
424.0 222.0 262.0 261.0
425.0 183.0 262.0 222.0
426.0 223.0 262.0 183.0
427.0 223.0 263.0 262.0
428.0 184.0 263.0 223.0
429.0 224.0 263.0 184.0
430.0 224.0 264.0 263.0
431.0 185.0 264.0 224.0
432.0 225.0 264.0 185.0
433.0 225.0 265.0 264.0
434.0 186.0 265.0 225.0
435.0 226.0 265.0 186.0
436.0 226.0 266.0 265.0
437.0 187.0 266.0 226.0
438.0 227.0 266.0 187.0
439.0 227.0 267.0 266.0
440.0 188.0 267.0 227.0
441.0 228.0 267.0 188.0
442.0 228.0 268.0 267.0
443.0 189.0 268.0 228.0
444.0 229.0 268.0 189.0
445.0 229.0 269.0 268.0
446.0 190.0 269.0 229.0
447.0 230.0 269.0 190.0
448.0 230.0 270.0 269.0
449.0 191.0 270.0 230.0
450.0 231.0 270.0 191.0
451.0 231.0 271.0 270.0
452.0 192.0 271.0 231.0
453.0 232.0 271.0 192.0
454.0 232.0 272.0 271.0
455.0 193.0 272.0 232.0
456.0 233.0 272.0 193.0
457.0 233.0 273.0 272.0
458.0 194.0 273.0 233.0
459.0 234.0 273.0 194.0
460.0 234.0 274.0 273.0
461.0 195.0 274.0 234.0
462.0 235.0 274.0 195.0
463.0 235.0 275.0 274.0
464.0 196.0 275.0 235.0
465.0 236.0 275.0 196.0
466.0 236.0 276.0 275.0
467.0 197.0 276.0 236.0
468.0 277.0 237.0 238.0
469.0 278.0 238.0 239.0
470.0 279.0 239.0 240.0
471.0 280.0 240.0 241.0
472.0 281.0 241.0 242.0
473.0 282.0 242.0 243.0
474.0 283.0 243.0 244.0
475.0 284.0 244.0 245.0
476.0 285.0 245.0 246.0
477.0 286.0 246.0 247.0
478.0 287.0 247.0 248.0
479.0 288.0 248.0 249.0
480.0 289.0 249.0 250.0
481.0 290.0 250.0 251.0
482.0 291.0 251.0 252.0
483.0 292.0 252.0 253.0
484.0 293.0 253.0 254.0
485.0 294.0 254.0 255.0
486.0 295.0 255.0 256.0
487.0 296.0 256.0 257.0
488.0 297.0 257.0 258.0
489.0 298.0 258.0 259.0
490.0 299.0 259.0 260.0
491.0 300.0 260.0 261.0
492.0 301.0 261.0 262.0
493.0 302.0 262.0 263.0
494.0 303.0 263.0 264.0
495.0 304.0 264.0 265.0
496.0 305.0 265.0 266.0
497.0 306.0 266.0 267.0
498.0 307.0 267.0 268.0
499.0 308.0 268.0 269.0
500.0 309.0 269.0 270.0
501.0 310.0 270.0 271.0
502.0 311.0 271.0 272.0
503.0 312.0 272.0 273.0
504.0 313.0 273.0 274.0
505.0 314.0 274.0 275.0
506.0 315.0 275.0 276.0
507.0 277.0 316.0 237.0
508.0 277.0 317.0 316.0
509.0 238.0 317.0 277.0
510.0 278.0 317.0 238.0
511.0 278.0 318.0 317.0
512.0 239.0 318.0 278.0
513.0 279.0 318.0 239.0
514.0 279.0 319.0 318.0
515.0 240.0 319.0 279.0
516.0 280.0 319.0 240.0
517.0 280.0 320.0 319.0
518.0 241.0 320.0 280.0
519.0 281.0 320.0 241.0
520.0 281.0 321.0 320.0
521.0 242.0 321.0 281.0
522.0 282.0 321.0 242.0
523.0 282.0 322.0 321.0
524.0 243.0 322.0 282.0
525.0 283.0 322.0 243.0
526.0 283.0 323.0 322.0
527.0 244.0 323.0 283.0
528.0 284.0 323.0 244.0
529.0 284.0 324.0 323.0
530.0 245.0 324.0 284.0
531.0 285.0 324.0 245.0
532.0 285.0 325.0 324.0
533.0 246.0 325.0 285.0
534.0 286.0 325.0 246.0
535.0 286.0 326.0 325.0
536.0 247.0 326.0 286.0
537.0 287.0 326.0 247.0
538.0 287.0 327.0 326.0
539.0 248.0 327.0 287.0
540.0 288.0 327.0 248.0
541.0 288.0 328.0 327.0
542.0 249.0 328.0 288.0
543.0 289.0 328.0 249.0
544.0 289.0 329.0 328.0
545.0 250.0 329.0 289.0
546.0 290.0 329.0 250.0
547.0 290.0 330.0 329.0
548.0 251.0 330.0 290.0
549.0 291.0 330.0 251.0
550.0 291.0 331.0 330.0
551.0 252.0 331.0 291.0
552.0 292.0 331.0 252.0
553.0 292.0 332.0 331.0
554.0 253.0 332.0 292.0
555.0 293.0 332.0 253.0
556.0 293.0 333.0 332.0
557.0 254.0 333.0 293.0
558.0 294.0 333.0 254.0
559.0 294.0 334.0 333.0
560.0 255.0 334.0 294.0
561.0 295.0 334.0 255.0
562.0 295.0 335.0 334.0
563.0 256.0 335.0 295.0
564.0 296.0 335.0 256.0
565.0 296.0 336.0 335.0
566.0 257.0 336.0 296.0
567.0 297.0 336.0 257.0
568.0 297.0 337.0 336.0
569.0 258.0 337.0 297.0
570.0 298.0 337.0 258.0
571.0 298.0 338.0 337.0
572.0 259.0 338.0 298.0
573.0 299.0 338.0 259.0
574.0 299.0 339.0 338.0
575.0 260.0 339.0 299.0
576.0 300.0 339.0 260.0
577.0 300.0 340.0 339.0
578.0 261.0 340.0 300.0
579.0 301.0 340.0 261.0
580.0 301.0 341.0 340.0
581.0 262.0 341.0 301.0
582.0 302.0 341.0 262.0
583.0 302.0 342.0 341.0
584.0 263.0 342.0 302.0
585.0 303.0 342.0 263.0
586.0 303.0 343.0 342.0
587.0 264.0 343.0 303.0
588.0 304.0 343.0 264.0
589.0 304.0 344.0 343.0
590.0 265.0 344.0 304.0
591.0 305.0 344.0 265.0
592.0 305.0 345.0 344.0
593.0 266.0 345.0 305.0
594.0 306.0 345.0 266.0
595.0 306.0 346.0 345.0
596.0 267.0 346.0 306.0
597.0 307.0 346.0 267.0
598.0 307.0 347.0 346.0
599.0 268.0 347.0 307.0
600.0 308.0 347.0 268.0
601.0 308.0 348.0 347.0
602.0 269.0 348.0 308.0
603.0 309.0 348.0 269.0
604.0 309.0 349.0 348.0
605.0 270.0 349.0 309.0
606.0 310.0 349.0 270.0
607.0 310.0 350.0 349.0
608.0 271.0 350.0 310.0
609.0 311.0 350.0 271.0
610.0 311.0 351.0 350.0
611.0 272.0 351.0 311.0
612.0 312.0 351.0 272.0
613.0 312.0 352.0 351.0
614.0 273.0 352.0 312.0
615.0 313.0 352.0 273.0
616.0 313.0 353.0 352.0
617.0 274.0 353.0 313.0
618.0 314.0 353.0 274.0
619.0 314.0 354.0 353.0
620.0 275.0 354.0 314.0
621.0 315.0 354.0 275.0
622.0 315.0 355.0 354.0
623.0 276.0 355.0 315.0
