86
0.0 0.0 1.0
1.0 316.0 317.0
2.0 1.0 2.0
3.0 317.0 318.0
4.0 2.0 3.0
5.0 318.0 319.0
6.0 3.0 4.0
7.0 319.0 320.0
8.0 4.0 5.0
9.0 320.0 321.0
10.0 5.0 6.0
11.0 321.0 322.0
12.0 6.0 7.0
13.0 322.0 323.0
14.0 7.0 8.0
15.0 323.0 324.0
16.0 8.0 9.0
17.0 324.0 325.0
18.0 9.0 10.0
19.0 325.0 326.0
20.0 10.0 11.0
21.0 326.0 327.0
22.0 11.0 12.0
23.0 327.0 328.0
24.0 12.0 13.0
25.0 328.0 329.0
26.0 13.0 14.0
27.0 329.0 330.0
28.0 14.0 15.0
29.0 330.0 331.0
30.0 15.0 16.0
31.0 331.0 332.0
32.0 16.0 17.0
33.0 332.0 333.0
34.0 17.0 18.0
35.0 333.0 334.0
36.0 18.0 19.0
37.0 334.0 335.0
38.0 19.0 20.0
39.0 335.0 336.0
40.0 20.0 21.0
41.0 336.0 337.0
42.0 21.0 22.0
43.0 337.0 338.0
44.0 22.0 23.0
45.0 338.0 339.0
46.0 23.0 24.0
47.0 339.0 340.0
48.0 24.0 25.0
49.0 340.0 341.0
50.0 25.0 26.0
51.0 341.0 342.0
52.0 26.0 27.0
53.0 342.0 343.0
54.0 27.0 28.0
55.0 343.0 344.0
56.0 28.0 29.0
57.0 344.0 345.0
58.0 29.0 30.0
59.0 345.0 346.0
60.0 30.0 31.0
61.0 346.0 347.0
62.0 31.0 32.0
63.0 347.0 348.0
64.0 32.0 33.0
65.0 348.0 349.0
66.0 33.0 34.0
67.0 349.0 350.0
68.0 34.0 35.0
69.0 350.0 351.0
70.0 35.0 36.0
71.0 351.0 352.0
72.0 36.0 37.0
73.0 352.0 353.0
74.0 37.0 38.0
75.0 353.0 354.0
76.0 38.0 39.0
77.0 354.0 355.0
78.0 0.0 79.0
79.0 39.0 118.0
80.0 79.0 158.0
81.0 118.0 197.0
82.0 158.0 237.0
83.0 197.0 276.0
84.0 237.0 316.0
85.0 276.0 355.0
