356
0.0 0.0 0.0
1.0 0.05 0.0
2.0 0.1 0.0
3.0 0.15000000000000002 0.0
4.0 0.2 0.0
5.0 0.25 0.0
6.0 0.30000000000000004 0.0
7.0 0.35000000000000003 0.0
8.0 0.4 0.0
9.0 0.45 0.0
10.0 0.5 0.0
11.0 0.55 0.0
12.0 0.6000000000000001 0.0
13.0 0.65 0.0
14.0 0.7000000000000001 0.0
15.0 0.75 0.0
16.0 0.8 0.0
17.0 0.8500000000000001 0.0
18.0 0.9 0.0
19.0 0.9500000000000001 0.0
20.0 1.0 0.0
21.0 1.05 0.0
22.0 1.1 0.0
23.0 1.1500000000000001 0.0
24.0 1.2000000000000002 0.0
25.0 1.25 0.0
26.0 1.3 0.0
27.0 1.35 0.0
28.0 1.4000000000000001 0.0
29.0 1.4500000000000002 0.0
30.0 1.5 0.0
31.0 1.55 0.0
32.0 1.6 0.0
33.0 1.6500000000000001 0.0
34.0 1.7000000000000002 0.0
35.0 1.75 0.0
36.0 1.8 0.0
37.0 1.85 0.0
38.0 1.9000000000000001 0.0
39.0 1.9500000000000002 0.0
40.0 0.025 0.025
41.0 0.07500000000000001 0.025
42.0 0.125 0.025
43.0 0.17500000000000002 0.025
44.0 0.225 0.025
45.0 0.275 0.025
46.0 0.32500000000000007 0.025
47.0 0.37500000000000006 0.025
48.0 0.42500000000000004 0.025
49.0 0.47500000000000003 0.025
50.0 0.525 0.025
51.0 0.5750000000000001 0.025
52.0 0.6250000000000001 0.025
53.0 0.675 0.025
54.0 0.7250000000000001 0.025
55.0 0.775 0.025
56.0 0.8250000000000001 0.025
57.0 0.8750000000000001 0.025
58.0 0.925 0.025
59.0 0.9750000000000001 0.025
60.0 1.025 0.025
61.0 1.075 0.025
62.0 1.125 0.025
63.0 1.175 0.025
64.0 1.225 0.025
65.0 1.275 0.025
66.0 1.325 0.025
67.0 1.375 0.025
68.0 1.425 0.025
69.0 1.475 0.025
70.0 1.525 0.025
71.0 1.575 0.025
72.0 1.625 0.025
73.0 1.675 0.025
74.0 1.725 0.025
75.0 1.775 0.025
76.0 1.825 0.025
77.0 1.875 0.025
78.0 1.925 0.025
79.0 0.0 0.05
80.0 0.05 0.05
81.0 0.1 0.05
82.0 0.15000000000000002 0.05
83.0 0.2 0.05
84.0 0.25 0.05
85.0 0.30000000000000004 0.05
86.0 0.35000000000000003 0.05
87.0 0.4 0.05
88.0 0.45 0.05
89.0 0.5 0.05
90.0 0.55 0.05
91.0 0.6000000000000001 0.05
92.0 0.65 0.05
93.0 0.7000000000000001 0.05
94.0 0.75 0.05
95.0 0.8 0.05
96.0 0.8500000000000001 0.05
97.0 0.9 0.05
98.0 0.9500000000000001 0.05
99.0 1.0 0.05
100.0 1.05 0.05
101.0 1.1 0.05
102.0 1.1500000000000001 0.05
103.0 1.2000000000000002 0.05
104.0 1.25 0.05
105.0 1.3 0.05
106.0 1.35 0.05
107.0 1.4000000000000001 0.05
108.0 1.4500000000000002 0.05
109.0 1.5 0.05
110.0 1.55 0.05
111.0 1.6 0.05
112.0 1.6500000000000001 0.05
113.0 1.7000000000000002 0.05
114.0 1.75 0.05
115.0 1.8 0.05
116.0 1.85 0.05
117.0 1.9000000000000001 0.05
118.0 1.9500000000000002 0.05
119.0 0.025 0.07500000000000001
120.0 0.07500000000000001 0.07500000000000001
121.0 0.125 0.07500000000000001
122.0 0.17500000000000002 0.07500000000000001
123.0 0.225 0.07500000000000001
124.0 0.275 0.07500000000000001
125.0 0.32500000000000007 0.07500000000000001
126.0 0.37500000000000006 0.07500000000000001
127.0 0.42500000000000004 0.07500000000000001
128.0 0.47500000000000003 0.07500000000000001
129.0 0.525 0.07500000000000001
130.0 0.5750000000000001 0.07500000000000001
131.0 0.6250000000000001 0.07500000000000001
132.0 0.675 0.07500000000000001
133.0 0.7250000000000001 0.07500000000000001
134.0 0.775 0.07500000000000001
135.0 0.8250000000000001 0.07500000000000001
136.0 0.8750000000000001 0.07500000000000001
137.0 0.925 0.07500000000000001
138.0 0.9750000000000001 0.07500000000000001
139.0 1.025 0.07500000000000001
140.0 1.075 0.07500000000000001
141.0 1.125 0.07500000000000001
142.0 1.175 0.07500000000000001
143.0 1.225 0.07500000000000001
144.0 1.275 0.07500000000000001
145.0 1.325 0.07500000000000001
146.0 1.375 0.07500000000000001
147.0 1.425 0.07500000000000001
148.0 1.475 0.07500000000000001
149.0 1.525 0.07500000000000001
150.0 1.575 0.07500000000000001
151.0 1.625 0.07500000000000001
152.0 1.675 0.07500000000000001
153.0 1.725 0.07500000000000001
154.0 1.775 0.07500000000000001
155.0 1.825 0.07500000000000001
156.0 1.875 0.07500000000000001
157.0 1.925 0.07500000000000001
158.0 0.0 0.1
159.0 0.05 0.1
160.0 0.1 0.1
161.0 0.15000000000000002 0.1
162.0 0.2 0.1
163.0 0.25 0.1
164.0 0.30000000000000004 0.1
165.0 0.35000000000000003 0.1
166.0 0.4 0.1
167.0 0.45 0.1
168.0 0.5 0.1
169.0 0.55 0.1
170.0 0.6000000000000001 0.1
171.0 0.65 0.1
172.0 0.7000000000000001 0.1
173.0 0.75 0.1
174.0 0.8 0.1
175.0 0.8500000000000001 0.1
176.0 0.9 0.1
177.0 0.9500000000000001 0.1
178.0 1.0 0.1
179.0 1.05 0.1
180.0 1.1 0.1
181.0 1.1500000000000001 0.1
182.0 1.2000000000000002 0.1
183.0 1.25 0.1
184.0 1.3 0.1
185.0 1.35 0.1
186.0 1.4000000000000001 0.1
187.0 1.4500000000000002 0.1
188.0 1.5 0.1
189.0 1.55 0.1
190.0 1.6 0.1
191.0 1.6500000000000001 0.1
192.0 1.7000000000000002 0.1
193.0 1.75 0.1
194.0 1.8 0.1
195.0 1.85 0.1
196.0 1.9000000000000001 0.1
197.0 1.9500000000000002 0.1
198.0 0.025 0.125
199.0 0.07500000000000001 0.125
200.0 0.125 0.125
201.0 0.17500000000000002 0.125
202.0 0.225 0.125
203.0 0.275 0.125
204.0 0.32500000000000007 0.125
205.0 0.37500000000000006 0.125
206.0 0.42500000000000004 0.125
207.0 0.47500000000000003 0.125
208.0 0.525 0.125
209.0 0.5750000000000001 0.125
210.0 0.6250000000000001 0.125
211.0 0.675 0.125
212.0 0.7250000000000001 0.125
213.0 0.775 0.125
214.0 0.8250000000000001 0.125
215.0 0.8750000000000001 0.125
216.0 0.925 0.125
217.0 0.9750000000000001 0.125
218.0 1.025 0.125
219.0 1.075 0.125
220.0 1.125 0.125
221.0 1.175 0.125
222.0 1.225 0.125
223.0 1.275 0.125
224.0 1.325 0.125
225.0 1.375 0.125
226.0 1.425 0.125
227.0 1.475 0.125
228.0 1.525 0.125
229.0 1.575 0.125
230.0 1.625 0.125
231.0 1.675 0.125
232.0 1.725 0.125
233.0 1.775 0.125
234.0 1.825 0.125
235.0 1.875 0.125
236.0 1.925 0.125
237.0 0.0 0.15000000000000002
238.0 0.05 0.15000000000000002
239.0 0.1 0.15000000000000002
240.0 0.15000000000000002 0.15000000000000002
241.0 0.2 0.15000000000000002
242.0 0.25 0.15000000000000002
243.0 0.30000000000000004 0.15000000000000002
244.0 0.35000000000000003 0.15000000000000002
245.0 0.4 0.15000000000000002
246.0 0.45 0.15000000000000002
247.0 0.5 0.15000000000000002
248.0 0.55 0.15000000000000002
249.0 0.6000000000000001 0.15000000000000002
250.0 0.65 0.15000000000000002
251.0 0.7000000000000001 0.15000000000000002
252.0 0.75 0.15000000000000002
253.0 0.8 0.15000000000000002
254.0 0.8500000000000001 0.15000000000000002
255.0 0.9 0.15000000000000002
256.0 0.9500000000000001 0.15000000000000002
257.0 1.0 0.15000000000000002
258.0 1.05 0.15000000000000002
259.0 1.1 0.15000000000000002
260.0 1.1500000000000001 0.15000000000000002
261.0 1.2000000000000002 0.15000000000000002
262.0 1.25 0.15000000000000002
263.0 1.3 0.15000000000000002
264.0 1.35 0.15000000000000002
265.0 1.4000000000000001 0.15000000000000002
266.0 1.4500000000000002 0.15000000000000002
267.0 1.5 0.15000000000000002
268.0 1.55 0.15000000000000002
269.0 1.6 0.15000000000000002
270.0 1.6500000000000001 0.15000000000000002
271.0 1.7000000000000002 0.15000000000000002
272.0 1.75 0.15000000000000002
273.0 1.8 0.15000000000000002
274.0 1.85 0.15000000000000002
275.0 1.9000000000000001 0.15000000000000002
276.0 1.9500000000000002 0.15000000000000002
277.0 0.025 0.17500000000000002
278.0 0.07500000000000001 0.17500000000000002
279.0 0.125 0.17500000000000002
280.0 0.17500000000000002 0.17500000000000002
281.0 0.225 0.17500000000000002
282.0 0.275 0.17500000000000002
283.0 0.32500000000000007 0.17500000000000002
284.0 0.37500000000000006 0.17500000000000002
285.0 0.42500000000000004 0.17500000000000002
286.0 0.47500000000000003 0.17500000000000002
287.0 0.525 0.17500000000000002
288.0 0.5750000000000001 0.17500000000000002
289.0 0.6250000000000001 0.17500000000000002
290.0 0.675 0.17500000000000002
291.0 0.7250000000000001 0.17500000000000002
292.0 0.775 0.17500000000000002
293.0 0.8250000000000001 0.17500000000000002
294.0 0.8750000000000001 0.17500000000000002
295.0 0.925 0.17500000000000002
296.0 0.9750000000000001 0.17500000000000002
297.0 1.025 0.17500000000000002
298.0 1.075 0.17500000000000002
299.0 1.125 0.17500000000000002
300.0 1.175 0.17500000000000002
301.0 1.225 0.17500000000000002
302.0 1.275 0.17500000000000002
303.0 1.325 0.17500000000000002
304.0 1.375 0.17500000000000002
305.0 1.425 0.17500000000000002
306.0 1.475 0.17500000000000002
307.0 1.525 0.17500000000000002
308.0 1.575 0.17500000000000002
309.0 1.625 0.17500000000000002
310.0 1.675 0.17500000000000002
311.0 1.725 0.17500000000000002
312.0 1.775 0.17500000000000002
313.0 1.825 0.17500000000000002
314.0 1.875 0.17500000000000002
315.0 1.925 0.17500000000000002
316.0 0.0 0.2
317.0 0.05 0.2
318.0 0.1 0.2
319.0 0.15000000000000002 0.2
320.0 0.2 0.2
321.0 0.25 0.2
322.0 0.30000000000000004 0.2
323.0 0.35000000000000003 0.2
324.0 0.4 0.2
325.0 0.45 0.2
326.0 0.5 0.2
327.0 0.55 0.2
328.0 0.6000000000000001 0.2
329.0 0.65 0.2
330.0 0.7000000000000001 0.2
331.0 0.75 0.2
332.0 0.8 0.2
333.0 0.8500000000000001 0.2
334.0 0.9 0.2
335.0 0.9500000000000001 0.2
336.0 1.0 0.2
337.0 1.05 0.2
338.0 1.1 0.2
339.0 1.1500000000000001 0.2
340.0 1.2000000000000002 0.2
341.0 1.25 0.2
342.0 1.3 0.2
343.0 1.35 0.2
344.0 1.4000000000000001 0.2
345.0 1.4500000000000002 0.2
346.0 1.5 0.2
347.0 1.55 0.2
348.0 1.6 0.2
349.0 1.6500000000000001 0.2
350.0 1.7000000000000002 0.2
351.0 1.75 0.2
352.0 1.8 0.2
353.0 1.85 0.2
354.0 1.9000000000000001 0.2
355.0 1.9500000000000002 0.2
