751
44.62239359174253
32.80436685839147
28.78442564824619
26.17515163345723
24.425851264583905
23.199102771561794
22.322278056813904
21.689393608462918
21.23032152069209
20.896489784821487
20.653421413214716
20.47632454608308
20.34725125877979
20.25316319462739
20.184571804434842
20.13456565326784
20.09810816091279
20.071528157345423
20.052149404832964
20.038020841368272
20.027720037048223
20.020209946605778
20.014734488648546
20.010742421290704
20.007831843799202
20.005709734539693
20.004162450817052
20.003034220358263
20.002211458951866
20.001611335381924
20.001173432417627
20.000853664323845
20.000619838533165
20.000448414637823
20.000322134376873
20.000228283842798
20.00015741318963
20.000102369648985
20.000057746419852
20.000015768144376
52.805444939034714
41.01138433559978
34.5965406558371
30.39072375996371
27.48686525698897
25.42618708868296
23.944238560704967
22.871273326673435
22.091759540061666
21.524454053978904
21.111222100371673
20.810083943903436
20.590582832266026
20.430568837563484
20.313913459851076
20.22886537282426
20.166859767089466
20.121653279310543
20.08869440303725
20.064664882150737
20.04714550400136
20.03437249325015
20.025059924877173
20.01827025690777
20.01331994103304
20.00971060563804
20.00707888205147
20.005159822399055
20.00376022602059
20.002739189042344
20.00199391891833
20.001449385811434
20.001050768953032
20.000757937476397
20.000541409940062
20.000379385391444
20.000255543071248
20.000157408961854
20.000074458368786
76.7517222962303
57.04329700977456
45.41344782598687
38.01313751565816
32.948754626155576
29.373752365654642
26.809615160701483
24.955667416841564
23.60971076069716
22.63051609403594
21.917388923843472
21.397753518345436
21.019006452405453
20.742910423251498
20.54162992794023
20.394886453761412
20.287901223355025
20.209901526744627
20.153034028319155
20.111573337628606
20.081345312557865
20.059306719793593
20.043238817952695
20.03152397161676
20.022982790924424
20.016755394868838
20.01221484232659
20.008904014703965
20.006489595582124
20.00472851416643
20.003443474203404
20.002505104728456
20.00181893566027
20.00131588698086
20.000945313910034
20.000669907630524
20.000461936902834
20.000300452543545
20.00016906723505
20.000055251675846
75.69799965342591
58.65835911103781
47.38750720147284
39.67777844535896
34.239651042310655
30.342306074635964
27.525728918782068
25.481428861205764
23.994381314847743
22.911469467255476
22.12241007376782
21.547297955338795
21.12806107811352
20.82242894506293
20.599608469283417
20.437158513086853
20.318721240419507
20.23237182015897
20.16941661076984
20.123517454556573
20.090053409522778
20.06565547240006
20.047867381283382
20.03489832339871
20.02544264235817
20.018548390446078
20.013521491170746
20.009855863194577
20.00718247071427
20.005232170888505
20.003808617964424
20.002768496219634
20.002007091656946
20.001447749837048
20.001034158386638
20.00072467680394
20.00048814234472
20.000300715796353
20.00014368581322
95.25408105535314
73.74289825234563
58.43379335604426
47.68965010820213
40.05957153142001
34.576525646012385
30.60933112617533
27.728301971409874
25.632035295874406
24.10526310878346
22.992709742358983
22.181788110523367
21.59064374008092
21.159683696716183
20.845491732343778
20.616425763088245
20.449420612142706
20.327661599435675
20.238890126136397
20.1741689509952
20.126982217044606
20.092579388695025
20.0674969631589
20.049209772405145
20.035876758648488
20.02615562499088
20.019067699597993
20.013899408054403
20.0101304344378
20.0073813386707
20.005375356513465
20.003910536412352
20.00283940807744
20.00205413590922
20.001475662548057
20.001045749457933
20.00072111322446
20.00046906670801
20.00026427669881
20.00008614764317
89.81016245728037
70.80507178763838
56.884235324028076
46.809079461948755
39.51177717606163
34.21236829104131
30.356921220242015
27.549128885409623
25.503202122034455
24.0119995309962
22.92495989741647
22.132484515570408
21.554731411300992
21.13351335238728
20.826416162641472
20.60251990734122
20.439282787723243
20.320270549440966
20.2335015241758
20.17024021447856
20.12411778962051
20.090490883236736
20.065974115715406
20.048099269223062
20.035066799614007
20.025564667545275
20.01863624922988
20.0135840286224
20.009899375219938
20.00721133786007
20.005249299340853
20.003815732124497
20.002766312308633
20.001995389834242
20.00142535213431
20.000998810506832
20.000672823242322
20.00041458544863
20.000198119737
106.22710458211239
84.01656593931035
67.02702960285329
54.3864682290127
45.100627979160265
38.31038354765389
33.35323284432359
29.736818939059287
27.09935933529496
25.17615074818505
23.773874524657373
22.75146721212614
22.00603899955114
21.462559208855772
21.066318771633405
20.777428383500453
20.5668048706335
20.413244068681053
20.301286403510723
20.21966061606087
20.16014907381355
20.11676047892885
20.08512670216418
20.062063025133384
20.045247520705225
20.032987294111432
20.024048051480783
20.017529837786302
20.012776434211105
20.00930929356016
20.00677936269598
20.004931941741603
20.00358104226658
20.002590662981312
20.00186109789837
20.00131889863289
20.000909480712057
20.000591632324774
20.000333366062947
20.000108688543083
97.64404670694434
77.80698280537845
62.61182849436827
51.24072963570581
42.84092564292479
36.676463080587844
32.1671787854233
28.874046865162217
26.471059468573603
24.718341871135916
23.44019679908091
22.508227636436835
21.828712434896364
21.333279636838537
20.972065934666368
20.70871152935274
20.516705258116865
20.37671767944318
20.274655860982982
20.200244864606198
20.145993426548966
20.106439816309216
20.077601993395348
20.056576722199697
20.041247291784074
20.03007041750237
20.021920871645555
20.01597820164738
20.011644131354686
20.00848232980591
20.006174483777038
20.00448825172405
20.003253872909156
20.00234707687321
20.001676572751723
20.001174859138697
20.00079142996036
20.000487690647788
20.000233068418392
111.40515243006074
88.92736387629385
71.25697180305632
57.776844342550675
47.69897799209956
40.25371305278555
34.78852287758831
30.790140480722
27.869868705572568
25.738859085241835
24.18448312645938
23.05096233308071
22.224442000989384
21.621809530189175
21.182431036675798
20.862085546855873
20.62852731642114
20.458244776731753
20.334095468849195
20.243580955511124
20.177588813039264
20.129475340414206
20.09439674372961
20.068821502554258
20.05017484040592
20.036579511913715
20.026666812503525
20.01943878481164
20.014167749780455
20.010323047867008
20.007517615100483
20.00546901557008
20.00397100731789
20.00287277907083
20.002063767542328
20.00146252693327
20.001008530276536
20.00065607652803
20.000369687675416
20.000120531392106
100.1662581531773
80.09216783967516
64.51690807280347
52.73791116732513
43.97634552244259
37.521117965186946
32.78933167915515
29.330004593147276
26.804363895407192
24.96167110585062
23.617722729770048
22.637702167035073
21.92312576558928
21.40212028343249
21.022258291765848
20.745306431638518
20.54338604657644
20.396170122790473
20.28883821218016
20.210584884275196
20.153532076726727
20.111936042071907
20.08160912314195
20.059498171480087
20.04337717615982
20.031623162208614
20.02305279865757
20.01680326729602
20.012245398823715
20.008920331483733
20.00649331533526
20.004720011443975
20.00342189319437
20.00246827330659
20.001763147237792
20.00123552860489
20.000832303402266
20.000512882101702
20.000245109533783
111.4051524300608
88.92736387629385
71.25697180305642
57.77684434255075
47.698977992099636
40.253713052785606
34.78852287758834
30.790140480722
27.86986870557258
25.738859085241838
24.18448312645939
23.05096233308074
22.224442000989416
21.621809530189182
21.182431036675823
20.862085546855898
20.628527316421152
20.45824477673175
20.334095468849203
20.243580955511135
20.17758881303928
20.129475340414206
20.094396743729614
20.068821502554275
20.050174840405898
20.036579511913697
20.02666681250351
20.019438784811605
20.014167749780412
20.01032304786698
20.007517615100454
20.005469015570046
20.003971007317872
20.002872779070834
20.002063767542325
20.001462526933253
20.001008530276525
20.000656076528017
20.000369687675416
20.00012053139214
97.64404670694437
77.80698280537855
62.611828494368446
51.24072963570596
42.84092564292492
36.67646308058792
32.16717878542337
28.874046865162224
26.47105946857361
24.718341871135927
23.44019679908094
22.508227636436892
21.828712434896445
21.33327963683859
20.97206593466642
20.708711529352776
20.516705258116883
20.3767176794432
20.274655860982996
20.200244864606223
20.14599342654896
20.106439816309212
20.077601993395355
20.056576722199672
20.04124729178404
20.03007041750232
20.021920871645523
20.015978201647325
20.011644131354636
20.00848232980585
20.006174483776984
20.004488251724002
20.003253872909124
20.002347076873203
20.001676572751702
20.001174859138654
20.00079142996032
20.00048769064777
20.0002330684184
106.22710458211233
84.01656593931051
67.02702960285345
54.3864682290129
45.10062797916039
38.31038354765403
33.353232844323706
29.73681893905932
27.09935933529501
25.176150748185087
23.7738745246574
22.751467212126233
22.006038999551226
21.46255920885587
21.066318771633465
20.777428383500496
20.566804870633533
20.41324406868108
20.301286403510737
20.219660616060903
20.16014907381355
20.116760478928864
20.085126702164168
20.062063025133362
20.04524752070518
20.032987294111386
20.024048051480708
20.017529837786253
20.012776434211048
20.009309293560086
20.006779362695873
20.004931941741535
20.00358104226654
20.002590662981266
20.001861097898335
20.001318898632867
20.000909480712018
20.000591632324724
20.00033336606295
20.000108688543097
89.81016245728046
70.80507178763851
56.884235324028275
46.80907946194896
39.51177717606177
34.21236829104138
30.35692122024208
27.549128885409676
25.50320212203453
24.011999530996274
22.92495989741654
22.1324845155705
21.554731411301113
21.13351335238735
20.826416162641507
20.602519907341243
20.439282787723236
20.32027054944097
20.233501524175832
20.17024021447856
20.12411778962051
20.090490883236736
20.065974115715377
20.048099269223037
20.03506679961396
20.02556466754522
20.018636249229807
20.01358402862235
20.009899375219845
20.007211337859975
20.00524929934074
20.00381573212441
20.002766312308573
20.0019953898342
20.00142535213427
20.000998810506808
20.000672823242272
20.000414585448592
20.000198119737
95.2540810553533
73.7428982523457
58.433793356044404
47.68965010820235
40.059571531420126
34.5765256460125
30.609331126175398
27.728301971409916
25.632035295874452
24.105263108783546
22.99270974235909
22.181788110523478
21.590643740081035
21.159683696716268
20.84549173234383
20.616425763088262
20.449420612142713
20.327661599435658
20.238890126136397
20.174168950995195
20.126982217044567
20.092579388695
20.067496963158867
20.04920977240511
20.03587675864846
20.02615562499083
20.01906769959793
20.013899408054343
20.010130434437713
20.007381338670584
20.00537535651335
20.003910536412246
20.00283940807734
20.002054135909155
20.001475662548014
20.001045749457887
20.000721113224422
20.000469066707954
20.00026427669877
20.000086147643174
75.69799965342598
58.65835911103793
47.387507201473
39.67777844535909
34.23965104231077
30.34230607463605
27.5257289187821
25.4814288612058
23.994381314847807
22.911469467255547
22.122410073767913
21.547297955338877
21.1280610781136
20.82242894506296
20.599608469283435
20.437158513086853
20.318721240419514
20.232371820158964
20.169416610769847
20.123517454556538
20.09005340952272
20.065655472400024
20.047867381283336
20.034898323398675
20.02544264235813
20.01854839044604
20.013521491170685
20.009855863194517
20.00718247071417
20.005232170888398
20.003808617964324
20.002768496219552
20.002007091656857
20.00144774983699
20.00103415838659
20.000724676803888
20.000488142344683
20.000300715796303
20.000143685813203
76.75172229623033
57.04329700977461
45.41344782598696
38.01313751565831
32.948754626155676
29.37375236565473
26.809615160701526
24.955667416841585
23.609710760697194
22.630516094036018
21.917388923843557
21.39775351834549
21.01900645240551
20.742910423251537
20.541629927940235
20.3948864537614
20.28790122335503
20.209901526744613
20.153034028319155
20.111573337628588
20.08134531255782
20.05930671979353
20.043238817952634
20.031523971616718
20.0229827909244
20.01675539486881
20.012214842326546
20.008904014703923
20.006489595582053
20.004728514166356
20.003443474203316
20.002505104728396
20.001818935660182
20.001315886980784
20.00094531390998
20.00066990763048
20.000461936902795
20.00030045254353
20.000169067235035
20.00005525167585
52.80544493903474
41.01138433559982
34.596540655837195
30.390723759963805
27.48686525698904
25.426187088683005
23.944238560704996
22.87127332667344
22.09175954006172
21.524454053978978
21.11122210037172
20.81008394390347
20.590582832266083
20.43056883756351
20.313913459851065
20.228865372824263
20.166859767089477
20.121653279310546
20.088694403037238
20.064664882150733
20.047145504001325
20.034372493250096
20.02505992487714
20.018270256907748
20.013319941033032
20.00971060563803
20.007078882051434
20.005159822399015
20.003760226020546
20.00273918904229
20.001993918918295
20.001449385811387
20.00105076895297
20.000757937476358
20.000541409940023
20.0003793853914
20.000255543071233
20.00015740896187
20.000074458368776
44.62239359174252
32.80436685839149
28.784425648246227
26.175151633457286
24.42585126458395
23.199102771561833
22.322278056813936
21.68939360846292
21.230321520692105
20.896489784821515
20.653421413214748
20.476324546083102
20.347251258779814
20.253163194627408
20.184571804434842
20.13456565326784
20.098108160912794
20.07152815734543
20.05214940483296
20.03802084136826
20.027720037048216
20.020209946605746
20.01473448864852
20.010742421290686
20.00783184379919
20.005709734539696
20.00416245081705
20.00303422035825
20.002211458951844
20.001611335381906
20.0011734324176
20.000853664323834
20.000619838533144
20.000448414637795
20.00032213437685
20.00022828384278
20.00015741318961
20.000102369648978
20.000057746419856
20.00001576814436
