896
0,0 0,0 0,0 24,049052678747103
1,0 0,05 0,0 22,027923813438978
2,0 0,1 0,0 20,861867857165645
3,0 0,15000000000000002 0,0 20,303217658074587
4,0 0,2 0,0 20,085954989772294
5,0 0,25 0,0 20,019013952696696
6,0 0,30000000000000004 0,0 20,003145555965606
7,0 0,35000000000000003 0,0 20,000364778388768
8,0 0,4 0,0 20,00002634536942
9,0 0,45 0,0 20,0000008850475
10,0 0,5 0,0 20,0
11,0 0,55 0,0 20,000000000000004
12,0 0,6000000000000001 0,0 20,0
13,0 0,65 0,0 20,0
14,0 0,7000000000000001 0,0 20,0
15,0 0,75 0,0 20,0
16,0 0,8 0,0 20,000000000000004
17,0 0,8500000000000001 0,0 20,0
18,0 0,9 0,0 20,0
19,0 0,9500000000000001 0,0 20,0
20,0 1,0 0,0 20,000000000000018
21,0 1,05 0,0 20,00000000000003
22,0 1,1 0,0 20,000000000000032
23,0 1,1500000000000001 0,0 20,00000000000003
24,0 1,2000000000000002 0,0 20,000000000000018
25,0 1,25 0,0 20,00000000000002
26,0 1,3 0,0 20,00000000000003
27,0 1,35 0,0 20,000000000000032
28,0 1,4000000000000001 0,0 20,00000000000003
29,0 1,4500000000000002 0,0 20,000000000000018
30,0 1,5 0,0 20,00000000000002
31,0 1,55 0,0 20,00000000000003
32,0 1,6 0,0 20,000000000000032
33,0 1,6500000000000001 0,0 20,00000000000003
34,0 1,7000000000000002 0,0 20,000000000000018
35,0 1,75 0,0 20,00000000000002
36,0 1,8 0,0 20,00000000000003
37,0 1,85 0,0 20,000000000000032
38,0 1,9000000000000001 0,0 20,00000000000003
39,0 1,9500000000000002 0,0 20,000000000000007
40,0 2,0 0,0 19,999999999999996
41,0 2,0500000000000003 0,0 19,999999999999996
42,0 2,1 0,0 20,0
43,0 2,15 0,0 19,999999999999996
44,0 2,2 0,0 19,999999999999996
45,0 2,25 0,0 19,999999999999996
46,0 2,3000000000000003 0,0 19,999999999999996
47,0 2,35 0,0 19,999999999999996
48,0 2,4000000000000004 0,0 19,999999999999996
49,0 2,45 0,0 20,0
50,0 2,5 0,0 19,999999999999996
51,0 2,5500000000000003 0,0 19,999999999999996
52,0 2,6 0,0 19,999999999999996
53,0 2,6500000000000004 0,0 19,999999999999996
54,0 2,7 0,0 20,0
55,0 2,75 0,0 19,999999999999996
56,0 2,8000000000000003 0,0 19,999999999999996
57,0 2,85 0,0 19,999999999999996
58,0 2,9000000000000004 0,0 19,999999999999996
59,0 2,95 0,0 20,0
60,0 3,0 0,0 19,999999999999996
61,0 3,0500000000000003 0,0 19,999999999999996
62,0 3,1 0,0 19,999999999999996
63,0 3,1500000000000004 0,0 19,999999999999996
64,0 3,2 0,0 20,0
65,0 3,25 0,0 19,999999999999996
66,0 3,3000000000000003 0,0 19,999999999999996
67,0 3,35 0,0 19,999999999999996
68,0 3,4000000000000004 0,0 19,999999999999996
69,0 3,45 0,0 20,0
70,0 3,5 0,0 19,999999999999996
71,0 3,5500000000000003 0,0 19,999999999999996
72,0 3,6 0,0 19,999999999999996
73,0 3,6500000000000004 0,0 19,999999999999996
74,0 3,7 0,0 20,0
75,0 3,75 0,0 19,999999999999996
76,0 3,8000000000000003 0,0 19,999999999999996
77,0 3,85 0,0 19,999999999999996
78,0 3,9000000000000004 0,0 19,999999999999996
79,0 3,95 0,0 20,0
80,0 4,0 0,0 20,0
81,0 4,05 0,0 19,999999999999996
82,0 4,1000000000000005 0,0 20,0
83,0 4,15 0,0 19,999999999999986
84,0 4,2 0,0 19,999999999999982
85,0 4,25 0,0 19,999999999999982
86,0 4,3 0,0 19,99999999999999
87,0 4,3500000000000005 0,0 20,0
88,0 4,4 0,0 19,999999999999986
89,0 4,45 0,0 19,999999999999982
90,0 4,5 0,0 19,999999999999982
91,0 4,55 0,0 19,99999999999999
92,0 4,6000000000000005 0,0 20,000000000000004
93,0 4,65 0,0 19,999999999999993
94,0 4,7 0,0 19,999999999999986
95,0 4,75 0,0 19,999999999999986
96,0 4,800000000000001 0,0 20,0
97,0 4,8500000000000005 0,0 19,999999999999982
98,0 4,9 0,0 19,999999999999982
99,0 4,95 0,0 19,999999999999982
100,0 0,025 0,025 23,020490553972195
101,0 0,07500000000000001 0,025 21,430775084081695
102,0 0,125 0,025 20,573896902933498
103,0 0,17500000000000002 0,025 20,190501596807742
104,0 0,225 0,025 20,051022595871473
105,0 0,275 0,025 20,010694318189053
106,0 0,32500000000000007 0,025 20,001683333357516
107,0 0,37500000000000006 0,025 20,000186680736093
108,0 0,42500000000000004 0,025 20,000012963173518
109,0 0,47500000000000003 0,025 20,000000420950535
110,0 0,525 0,025 20,0
111,0 0,5750000000000001 0,025 20,0
112,0 0,6250000000000001 0,025 20,0
113,0 0,675 0,025 20,0
114,0 0,7250000000000001 0,025 20,0
115,0 0,775 0,025 20,0
116,0 0,8250000000000001 0,025 20,0
117,0 0,8750000000000001 0,025 20,0
118,0 0,925 0,025 20,0
119,0 0,9750000000000001 0,025 20,00000000000001
120,0 1,025 0,025 20,000000000000025
121,0 1,075 0,025 20,00000000000003
122,0 1,125 0,025 20,00000000000003
123,0 1,175 0,025 20,000000000000025
124,0 1,225 0,025 20,00000000000002
125,0 1,275 0,025 20,00000000000003
126,0 1,325 0,025 20,00000000000003
127,0 1,375 0,025 20,00000000000003
128,0 1,425 0,025 20,000000000000025
129,0 1,475 0,025 20,000000000000018
130,0 1,525 0,025 20,00000000000003
131,0 1,575 0,025 20,00000000000003
132,0 1,625 0,025 20,00000000000003
133,0 1,675 0,025 20,000000000000025
134,0 1,725 0,025 20,000000000000018
135,0 1,775 0,025 20,00000000000003
136,0 1,825 0,025 20,00000000000003
137,0 1,875 0,025 20,00000000000003
138,0 1,925 0,025 20,000000000000014
139,0 1,975 0,025 20,0
140,0 2,025 0,025 20,0
141,0 2,075 0,025 20,0
142,0 2,125 0,025 20,0
143,0 2,175 0,025 19,999999999999996
144,0 2,225 0,025 20,0
145,0 2,275 0,025 19,999999999999996
146,0 2,325 0,025 20,0
147,0 2,375 0,025 20,0
148,0 2,4250000000000003 0,025 20,0
149,0 2,475 0,025 20,0
150,0 2,525 0,025 19,999999999999996
151,0 2,575 0,025 20,0
152,0 2,625 0,025 20,0
153,0 2,6750000000000003 0,025 20,0
154,0 2,725 0,025 20,0
155,0 2,775 0,025 19,999999999999996
156,0 2,825 0,025 20,0
157,0 2,875 0,025 20,0
158,0 2,9250000000000003 0,025 20,0
159,0 2,975 0,025 20,0
160,0 3,025 0,025 19,999999999999996
161,0 3,075 0,025 20,0
162,0 3,125 0,025 20,0
163,0 3,1750000000000003 0,025 20,0
164,0 3,225 0,025 20,0
165,0 3,275 0,025 19,999999999999996
166,0 3,325 0,025 20,0
167,0 3,375 0,025 20,0
168,0 3,4250000000000003 0,025 20,0
169,0 3,475 0,025 20,0
170,0 3,525 0,025 19,999999999999996
171,0 3,575 0,025 20,0
172,0 3,625 0,025 20,0
173,0 3,6750000000000003 0,025 20,0
174,0 3,725 0,025 20,0
175,0 3,775 0,025 19,999999999999996
176,0 3,825 0,025 20,0
177,0 3,875 0,025 20,0
178,0 3,9250000000000003 0,025 20,0
179,0 3,975 0,025 20,0
180,0 4,025 0,025 19,999999999999996
181,0 4,075 0,025 20,0
182,0 4,125000000000001 0,025 19,99999999999999
183,0 4,175000000000001 0,025 19,999999999999986
184,0 4,2250000000000005 0,025 19,999999999999982
185,0 4,275 0,025 19,999999999999986
186,0 4,325 0,025 20,0
187,0 4,375000000000001 0,025 19,99999999999999
188,0 4,425000000000001 0,025 19,999999999999986
189,0 4,4750000000000005 0,025 19,999999999999982
190,0 4,525 0,025 19,999999999999986
191,0 4,575 0,025 20,0
192,0 4,625000000000001 0,025 19,999999999999996
193,0 4,675000000000001 0,025 19,99999999999999
194,0 4,7250000000000005 0,025 19,999999999999986
195,0 4,775 0,025 19,999999999999996
196,0 4,825000000000001 0,025 19,99999999999999
197,0 4,875000000000001 0,025 19,999999999999982
198,0 4,925000000000001 0,025 19,999999999999982
199,0 0,0 0,05 24,239354241435656
200,0 0,05 0,05 22,197858166182417
201,0 0,1 0,05 20,982665804695
202,0 0,15000000000000002 0,05 20,37121674278752
203,0 0,2 0,05 20,11598760873312
204,0 0,25 0,05 20,02927296096459
205,0 0,30000000000000004 0,05 20,00579780902627
206,0 0,35000000000000003 0,05 20,000866283080555
207,0 0,4 0,05 20,000091740439544
208,0 0,45 0,05 20,000006122863866
209,0 0,5 0,05 20,00000019226718
210,0 0,55 0,05 20,0
211,0 0,6000000000000001 0,05 19,999999999999996
212,0 0,65 0,05 20,0
213,0 0,7000000000000001 0,05 19,999999999999996
214,0 0,75 0,05 20,0
215,0 0,8 0,05 20,0
216,0 0,8500000000000001 0,05 19,999999999999996
217,0 0,9 0,05 20,0
218,0 0,9500000000000001 0,05 20,0
219,0 1,0 0,05 20,000000000000014
220,0 1,05 0,05 20,00000000000002
221,0 1,1 0,05 20,000000000000025
222,0 1,1500000000000001 0,05 20,00000000000002
223,0 1,2000000000000002 0,05 20,000000000000018
224,0 1,25 0,05 20,000000000000025
225,0 1,3 0,05 20,000000000000025
226,0 1,35 0,05 20,000000000000025
227,0 1,4000000000000001 0,05 20,00000000000002
228,0 1,4500000000000002 0,05 20,000000000000018
229,0 1,5 0,05 20,00000000000002
230,0 1,55 0,05 20,000000000000025
231,0 1,6 0,05 20,000000000000025
232,0 1,6500000000000001 0,05 20,00000000000002
233,0 1,7000000000000002 0,05 20,000000000000018
234,0 1,75 0,05 20,00000000000002
235,0 1,8 0,05 20,000000000000025
236,0 1,85 0,05 20,000000000000025
237,0 1,9000000000000001 0,05 20,000000000000014
238,0 1,9500000000000002 0,05 20,000000000000007
239,0 2,0 0,05 20,000000000000004
240,0 2,0500000000000003 0,05 20,000000000000007
241,0 2,1 0,05 20,000000000000007
242,0 2,15 0,05 20,000000000000004
243,0 2,2 0,05 20,0
244,0 2,25 0,05 19,999999999999996
245,0 2,3000000000000003 0,05 19,999999999999996
246,0 2,35 0,05 20,0
247,0 2,4000000000000004 0,05 20,000000000000007
248,0 2,45 0,05 20,000000000000007
249,0 2,5 0,05 20,000000000000004
250,0 2,5500000000000003 0,05 20,0
251,0 2,6 0,05 20,0
252,0 2,6500000000000004 0,05 20,000000000000007
253,0 2,7 0,05 20,000000000000007
254,0 2,75 0,05 20,000000000000004
255,0 2,8000000000000003 0,05 20,0
256,0 2,85 0,05 20,0
257,0 2,9000000000000004 0,05 20,000000000000007
258,0 2,95 0,05 20,000000000000007
259,0 3,0 0,05 20,000000000000004
260,0 3,0500000000000003 0,05 20,0
261,0 3,1 0,05 20,0
262,0 3,1500000000000004 0,05 20,000000000000007
263,0 3,2 0,05 20,000000000000007
264,0 3,25 0,05 20,000000000000004
265,0 3,3000000000000003 0,05 20,0
266,0 3,35 0,05 20,0
267,0 3,4000000000000004 0,05 20,000000000000007
268,0 3,45 0,05 20,000000000000007
269,0 3,5 0,05 20,000000000000004
270,0 3,5500000000000003 0,05 20,0
271,0 3,6 0,05 20,0
272,0 3,6500000000000004 0,05 20,000000000000007
273,0 3,7 0,05 20,000000000000007
274,0 3,75 0,05 20,000000000000004
275,0 3,8000000000000003 0,05 20,0
276,0 3,85 0,05 20,0
277,0 3,9000000000000004 0,05 20,000000000000007
278,0 3,95 0,05 20,000000000000007
279,0 4,0 0,05 20,0
280,0 4,05 0,05 19,999999999999996
281,0 4,1000000000000005 0,05 19,999999999999996
282,0 4,15 0,05 19,99999999999999
283,0 4,2 0,05 19,99999999999999
284,0 4,25 0,05 19,99999999999999
285,0 4,3 0,05 19,999999999999996
286,0 4,3500000000000005 0,05 19,999999999999996
287,0 4,4 0,05 19,99999999999999
288,0 4,45 0,05 19,99999999999999
289,0 4,5 0,05 19,99999999999999
290,0 4,55 0,05 19,999999999999996
291,0 4,6000000000000005 0,05 19,999999999999996
292,0 4,65 0,05 19,999999999999996
293,0 4,7 0,05 19,99999999999999
294,0 4,75 0,05 19,999999999999993
295,0 4,800000000000001 0,05 19,999999999999993
296,0 4,8500000000000005 0,05 19,999999999999986
297,0 4,9 0,05 19,999999999999986
298,0 4,95 0,05 19,999999999999982
299,0 0,025 0,07500000000000001 23,18266371807114
300,0 0,07500000000000001 0,07500000000000001 21,561327353501852
301,0 0,125 0,07500000000000001 20,658263535096935
302,0 0,17500000000000002 0,07500000000000001 20,234013665831306
303,0 0,225 0,07500000000000001 20,068767220145673
304,0 0,275 0,07500000000000001 20,016337731731262
305,0 0,32500000000000007 0,07500000000000001 20,003054296039423
306,0 0,37500000000000006 0,07500000000000001 20,000432768556514
307,0 0,42500000000000004 0,07500000000000001 20,00004374114726
308,0 0,47500000000000003 0,07500000000000001 20,000002806018543
309,0 0,525 0,07500000000000001 20,000000085246946
310,0 0,5750000000000001 0,07500000000000001 20,0
311,0 0,6250000000000001 0,07500000000000001 20,0
312,0 0,675 0,07500000000000001 20,0
313,0 0,7250000000000001 0,07500000000000001 20,0
314,0 0,775 0,07500000000000001 20,000000000000004
315,0 0,8250000000000001 0,07500000000000001 20,0
316,0 0,8750000000000001 0,07500000000000001 20,0
317,0 0,925 0,07500000000000001 20,0
318,0 0,9750000000000001 0,07500000000000001 20,00000000000001
319,0 1,025 0,07500000000000001 20,000000000000014
320,0 1,075 0,07500000000000001 20,000000000000018
321,0 1,125 0,07500000000000001 20,000000000000018
322,0 1,175 0,07500000000000001 20,000000000000018
323,0 1,225 0,07500000000000001 20,000000000000025
324,0 1,275 0,07500000000000001 20,000000000000018
325,0 1,325 0,07500000000000001 20,000000000000018
326,0 1,375 0,07500000000000001 20,000000000000018
327,0 1,425 0,07500000000000001 20,000000000000018
328,0 1,475 0,07500000000000001 20,000000000000025
329,0 1,525 0,07500000000000001 20,000000000000018
330,0 1,575 0,07500000000000001 20,000000000000018
331,0 1,625 0,07500000000000001 20,000000000000018
332,0 1,675 0,07500000000000001 20,000000000000018
333,0 1,725 0,07500000000000001 20,000000000000025
334,0 1,775 0,07500000000000001 20,000000000000018
335,0 1,825 0,07500000000000001 20,000000000000018
336,0 1,875 0,07500000000000001 20,000000000000014
337,0 1,925 0,07500000000000001 20,00000000000001
338,0 1,975 0,07500000000000001 20,00000000000001
339,0 2,025 0,07500000000000001 20,000000000000014
340,0 2,075 0,07500000000000001 20,000000000000014
341,0 2,125 0,07500000000000001 20,00000000000001
342,0 2,175 0,07500000000000001 20,000000000000007
343,0 2,225 0,07500000000000001 20,0
344,0 2,275 0,07500000000000001 20,0
345,0 2,325 0,07500000000000001 20,000000000000004
346,0 2,375 0,07500000000000001 20,000000000000007
347,0 2,4250000000000003 0,07500000000000001 20,000000000000014
348,0 2,475 0,07500000000000001 20,00000000000001
349,0 2,525 0,07500000000000001 20,00000000000001
350,0 2,575 0,07500000000000001 20,00000000000001
351,0 2,625 0,07500000000000001 20,000000000000007
352,0 2,6750000000000003 0,07500000000000001 20,000000000000014
353,0 2,725 0,07500000000000001 20,00000000000001
354,0 2,775 0,07500000000000001 20,00000000000001
355,0 2,825 0,07500000000000001 20,00000000000001
356,0 2,875 0,07500000000000001 20,000000000000007
357,0 2,9250000000000003 0,07500000000000001 20,000000000000014
358,0 2,975 0,07500000000000001 20,00000000000001
359,0 3,025 0,07500000000000001 20,00000000000001
360,0 3,075 0,07500000000000001 20,00000000000001
361,0 3,125 0,07500000000000001 20,000000000000007
362,0 3,1750000000000003 0,07500000000000001 20,000000000000014
363,0 3,225 0,07500000000000001 20,00000000000001
364,0 3,275 0,07500000000000001 20,00000000000001
365,0 3,325 0,07500000000000001 20,00000000000001
366,0 3,375 0,07500000000000001 20,000000000000007
367,0 3,4250000000000003 0,07500000000000001 20,000000000000014
368,0 3,475 0,07500000000000001 20,00000000000001
369,0 3,525 0,07500000000000001 20,00000000000001
370,0 3,575 0,07500000000000001 20,00000000000001
371,0 3,625 0,07500000000000001 20,000000000000007
372,0 3,6750000000000003 0,07500000000000001 20,000000000000014
373,0 3,725 0,07500000000000001 20,00000000000001
374,0 3,775 0,07500000000000001 20,00000000000001
375,0 3,825 0,07500000000000001 20,00000000000001
376,0 3,875 0,07500000000000001 20,000000000000007
377,0 3,9250000000000003 0,07500000000000001 20,000000000000014
378,0 3,975 0,07500000000000001 20,00000000000001
379,0 4,025 0,07500000000000001 19,999999999999996
380,0 4,075 0,07500000000000001 19,999999999999996
381,0 4,125000000000001 0,07500000000000001 19,999999999999993
382,0 4,175000000000001 0,07500000000000001 19,999999999999993
383,0 4,2250000000000005 0,07500000000000001 19,999999999999993
384,0 4,275 0,07500000000000001 19,999999999999993
385,0 4,325 0,07500000000000001 19,999999999999996
386,0 4,375000000000001 0,07500000000000001 19,999999999999993
387,0 4,425000000000001 0,07500000000000001 19,999999999999993
388,0 4,4750000000000005 0,07500000000000001 19,999999999999993
389,0 4,525 0,07500000000000001 19,999999999999993
390,0 4,575 0,07500000000000001 19,999999999999996
391,0 4,625000000000001 0,07500000000000001 19,999999999999996
392,0 4,675000000000001 0,07500000000000001 19,999999999999993
393,0 4,7250000000000005 0,07500000000000001 19,999999999999993
394,0 4,775 0,07500000000000001 19,999999999999996
395,0 4,825000000000001 0,07500000000000001 19,999999999999986
396,0 4,875000000000001 0,07500000000000001 19,999999999999986
397,0 4,925000000000001 0,07500000000000001 19,999999999999986
398,0 0,0 0,1 24,39644774218325
399,0 0,05 0,1 22,339314415949076
400,0 0,1 0,1 21,085820760490623
401,0 0,15000000000000002 0,1 20,431915087610843
402,0 0,2 0,1 20,144628291600384
403,0 0,25 0,1 20,040011788187265
404,0 0,30000000000000004 0,1 20,008956545279958
405,0 0,35000000000000003 0,1 20,00158147933692
406,0 0,4 0,1 20,000212588784084
407,0 0,45 0,1 20,000020514453382
408,0 0,5 0,1 20,000001265507326
409,0 0,55 0,1 20,000000037216534
410,0 0,6000000000000001 0,1 20,0
411,0 0,65 0,1 20,0
412,0 0,7000000000000001 0,1 20,0
413,0 0,75 0,1 20,0
414,0 0,8 0,1 20,000000000000007
415,0 0,8500000000000001 0,1 20,0
416,0 0,9 0,1 20,0
417,0 0,9500000000000001 0,1 20,000000000000004
418,0 1,0 0,1 20,000000000000018
419,0 1,05 0,1 20,000000000000014
420,0 1,1 0,1 20,000000000000018
421,0 1,1500000000000001 0,1 20,000000000000018
422,0 1,2000000000000002 0,1 20,000000000000025
423,0 1,25 0,1 20,00000000000002
424,0 1,3 0,1 20,000000000000018
425,0 1,35 0,1 20,000000000000018
426,0 1,4000000000000001 0,1 20,000000000000018
427,0 1,4500000000000002 0,1 20,000000000000025
428,0 1,5 0,1 20,00000000000002
429,0 1,55 0,1 20,000000000000018
430,0 1,6 0,1 20,000000000000018
431,0 1,6500000000000001 0,1 20,000000000000018
432,0 1,7000000000000002 0,1 20,000000000000025
433,0 1,75 0,1 20,00000000000002
434,0 1,8 0,1 20,000000000000018
435,0 1,85 0,1 20,000000000000018
436,0 1,9000000000000001 0,1 20,000000000000014
437,0 1,9500000000000002 0,1 20,000000000000018
438,0 2,0 0,1 20,00000000000001
439,0 2,0500000000000003 0,1 20,000000000000018
440,0 2,1 0,1 20,000000000000018
441,0 2,15 0,1 20,00000000000001
442,0 2,2 0,1 20,000000000000007
443,0 2,25 0,1 20,0
444,0 2,3000000000000003 0,1 20,000000000000007
445,0 2,35 0,1 20,000000000000004
446,0 2,4000000000000004 0,1 20,000000000000018
447,0 2,45 0,1 20,000000000000018
448,0 2,5 0,1 20,00000000000001
449,0 2,5500000000000003 0,1 20,000000000000018
450,0 2,6 0,1 20,00000000000001
451,0 2,6500000000000004 0,1 20,000000000000018
452,0 2,7 0,1 20,000000000000018
453,0 2,75 0,1 20,00000000000001
454,0 2,8000000000000003 0,1 20,000000000000018
455,0 2,85 0,1 20,00000000000001
456,0 2,9000000000000004 0,1 20,000000000000018
457,0 2,95 0,1 20,000000000000018
458,0 3,0 0,1 20,00000000000001
459,0 3,0500000000000003 0,1 20,000000000000018
460,0 3,1 0,1 20,00000000000001
461,0 3,1500000000000004 0,1 20,000000000000018
462,0 3,2 0,1 20,000000000000018
463,0 3,25 0,1 20,00000000000001
464,0 3,3000000000000003 0,1 20,000000000000018
465,0 3,35 0,1 20,00000000000001
466,0 3,4000000000000004 0,1 20,000000000000018
467,0 3,45 0,1 20,000000000000018
468,0 3,5 0,1 20,00000000000001
469,0 3,5500000000000003 0,1 20,000000000000018
470,0 3,6 0,1 20,00000000000001
471,0 3,6500000000000004 0,1 20,000000000000018
472,0 3,7 0,1 20,000000000000018
473,0 3,75 0,1 20,00000000000001
474,0 3,8000000000000003 0,1 20,000000000000018
475,0 3,85 0,1 20,00000000000001
476,0 3,9000000000000004 0,1 20,000000000000018
477,0 3,95 0,1 20,000000000000018
478,0 4,0 0,1 20,000000000000004
479,0 4,05 0,1 19,999999999999996
480,0 4,1000000000000005 0,1 19,999999999999996
481,0 4,15 0,1 19,999999999999996
482,0 4,2 0,1 19,999999999999996
483,0 4,25 0,1 19,999999999999996
484,0 4,3 0,1 19,999999999999996
485,0 4,3500000000000005 0,1 19,999999999999996
486,0 4,4 0,1 19,999999999999996
487,0 4,45 0,1 19,999999999999996
488,0 4,5 0,1 19,999999999999996
489,0 4,55 0,1 19,999999999999996
490,0 4,6000000000000005 0,1 20,0
491,0 4,65 0,1 19,999999999999996
492,0 4,7 0,1 19,999999999999996
493,0 4,75 0,1 19,999999999999996
494,0 4,800000000000001 0,1 19,99999999999999
495,0 4,8500000000000005 0,1 19,999999999999986
496,0 4,9 0,1 19,999999999999982
497,0 4,95 0,1 19,99999999999998
498,0 0,025 0,125 23,338348371834776
499,0 0,07500000000000001 0,125 21,688285431023953
500,0 0,125 0,125 20,742501092206012
501,0 0,17500000000000002 0,125 20,27928380407332
502,0 0,225 0,125 20,088338129857277
503,0 0,275 0,125 20,023081247980784
504,0 0,32500000000000007 0,125 20,004883807980914
505,0 0,37500000000000006 0,125 20,000816918550044
506,0 0,42500000000000004 0,125 20,000104436076953
507,0 0,47500000000000003 0,125 20,000009638821748
508,0 0,525 0,125 20,00000057246298
509,0 0,5750000000000001 0,125 20,000000016309805
510,0 0,6250000000000001 0,125 19,999999999999996
511,0 0,675 0,125 20,0
512,0 0,7250000000000001 0,125 19,999999999999996
513,0 0,775 0,125 20,000000000000004
514,0 0,8250000000000001 0,125 20,000000000000004
515,0 0,8750000000000001 0,125 19,999999999999996
516,0 0,925 0,125 20,000000000000004
517,0 0,9750000000000001 0,125 20,00000000000001
518,0 1,025 0,125 20,000000000000025
519,0 1,075 0,125 20,000000000000025
520,0 1,125 0,125 20,000000000000025
521,0 1,175 0,125 20,00000000000003
522,0 1,225 0,125 20,00000000000003
523,0 1,275 0,125 20,00000000000003
524,0 1,325 0,125 20,000000000000025
525,0 1,375 0,125 20,000000000000025
526,0 1,425 0,125 20,00000000000003
527,0 1,475 0,125 20,00000000000003
528,0 1,525 0,125 20,00000000000003
529,0 1,575 0,125 20,000000000000025
530,0 1,625 0,125 20,000000000000025
531,0 1,675 0,125 20,00000000000003
532,0 1,725 0,125 20,00000000000003
533,0 1,775 0,125 20,00000000000003
534,0 1,825 0,125 20,000000000000025
535,0 1,875 0,125 20,000000000000025
536,0 1,925 0,125 20,00000000000002
537,0 1,975 0,125 20,000000000000014
538,0 2,025 0,125 20,000000000000014
539,0 2,075 0,125 20,000000000000014
540,0 2,125 0,125 20,00000000000001
541,0 2,175 0,125 20,000000000000014
542,0 2,225 0,125 20,000000000000004
543,0 2,275 0,125 20,000000000000007
544,0 2,325 0,125 20,000000000000004
545,0 2,375 0,125 20,000000000000014
546,0 2,4250000000000003 0,125 20,000000000000014
547,0 2,475 0,125 20,00000000000001
548,0 2,525 0,125 20,000000000000014
549,0 2,575 0,125 20,00000000000001
550,0 2,625 0,125 20,000000000000014
551,0 2,6750000000000003 0,125 20,000000000000014
552,0 2,725 0,125 20,00000000000001
553,0 2,775 0,125 20,000000000000014
554,0 2,825 0,125 20,00000000000001
555,0 2,875 0,125 20,000000000000014
556,0 2,9250000000000003 0,125 20,000000000000014
557,0 2,975 0,125 20,00000000000001
558,0 3,025 0,125 20,000000000000014
559,0 3,075 0,125 20,00000000000001
560,0 3,125 0,125 20,000000000000014
561,0 3,1750000000000003 0,125 20,000000000000014
562,0 3,225 0,125 20,00000000000001
563,0 3,275 0,125 20,000000000000014
564,0 3,325 0,125 20,00000000000001
565,0 3,375 0,125 20,000000000000014
566,0 3,4250000000000003 0,125 20,000000000000014
567,0 3,475 0,125 20,00000000000001
568,0 3,525 0,125 20,000000000000014
569,0 3,575 0,125 20,00000000000001
570,0 3,625 0,125 20,000000000000014
571,0 3,6750000000000003 0,125 20,000000000000014
572,0 3,725 0,125 20,00000000000001
573,0 3,775 0,125 20,000000000000014
574,0 3,825 0,125 20,00000000000001
575,0 3,875 0,125 20,000000000000014
576,0 3,9250000000000003 0,125 20,000000000000014
577,0 3,975 0,125 20,000000000000007
578,0 4,025 0,125 20,0
579,0 4,075 0,125 20,0
580,0 4,125000000000001 0,125 20,0
581,0 4,175000000000001 0,125 20,0
582,0 4,2250000000000005 0,125 20,0
583,0 4,275 0,125 20,0
584,0 4,325 0,125 20,0
585,0 4,375000000000001 0,125 20,0
586,0 4,425000000000001 0,125 20,0
587,0 4,4750000000000005 0,125 20,0
588,0 4,525 0,125 20,0
589,0 4,575 0,125 20,0
590,0 4,625000000000001 0,125 20,0
591,0 4,675000000000001 0,125 20,0
592,0 4,7250000000000005 0,125 20,0
593,0 4,775 0,125 20,0
594,0 4,825000000000001 0,125 19,999999999999993
595,0 4,875000000000001 0,125 19,999999999999986
596,0 4,925000000000001 0,125 19,999999999999986
597,0 0,0 0,15000000000000002 24,567427801569046
598,0 0,05 0,15000000000000002 22,494256525426433
599,0 0,1 0,15000000000000002 21,200997142113934
600,0 0,15000000000000002 0,15000000000000002 20,50191408075762
601,0 0,2 0,15000000000000002 20,17921910064217
602,0 0,25 0,15000000000000002 20,053803711742837
603,0 0,30000000000000004 0,15000000000000002 20,013349821310857
604,0 0,35000000000000003 0,15000000000000002 20,00268578088369
605,0 0,4 0,15000000000000002 20,00042807080152
606,0 0,45 0,15000000000000002 20,000052314377424
607,0 0,5 0,15000000000000002 20,00000463591279
608,0 0,55 0,15000000000000002 20,000000265721393
609,0 0,6000000000000001 0,15000000000000002 20,000000007343605
610,0 0,65 0,15000000000000002 20,0
611,0 0,7000000000000001 0,15000000000000002 20,0
612,0 0,75 0,15000000000000002 20,0
613,0 0,8 0,15000000000000002 20,000000000000004
614,0 0,8500000000000001 0,15000000000000002 20,0
615,0 0,9 0,15000000000000002 20,000000000000004
616,0 0,9500000000000001 0,15000000000000002 20,00000000000001
617,0 1,0 0,15000000000000002 20,000000000000018
618,0 1,05 0,15000000000000002 20,000000000000025
619,0 1,1 0,15000000000000002 20,000000000000025
620,0 1,1500000000000001 0,15000000000000002 20,00000000000003
621,0 1,2000000000000002 0,15000000000000002 20,000000000000032
622,0 1,25 0,15000000000000002 20,00000000000003
623,0 1,3 0,15000000000000002 20,00000000000003
624,0 1,35 0,15000000000000002 20,000000000000025
625,0 1,4000000000000001 0,15000000000000002 20,00000000000003
626,0 1,4500000000000002 0,15000000000000002 20,000000000000032
627,0 1,5 0,15000000000000002 20,00000000000003
628,0 1,55 0,15000000000000002 20,00000000000003
629,0 1,6 0,15000000000000002 20,000000000000025
630,0 1,6500000000000001 0,15000000000000002 20,00000000000003
631,0 1,7000000000000002 0,15000000000000002 20,000000000000032
632,0 1,75 0,15000000000000002 20,00000000000003
633,0 1,8 0,15000000000000002 20,00000000000003
634,0 1,85 0,15000000000000002 20,000000000000025
635,0 1,9000000000000001 0,15000000000000002 20,000000000000025
636,0 1,9500000000000002 0,15000000000000002 20,00000000000002
637,0 2,0 0,15000000000000002 20,000000000000014
638,0 2,0500000000000003 0,15000000000000002 20,00000000000001
639,0 2,1 0,15000000000000002 20,00000000000001
640,0 2,15 0,15000000000000002 20,000000000000007
641,0 2,2 0,15000000000000002 20,000000000000007
642,0 2,25 0,15000000000000002 20,000000000000004
643,0 2,3000000000000003 0,15000000000000002 20,000000000000004
644,0 2,35 0,15000000000000002 20,000000000000004
645,0 2,4000000000000004 0,15000000000000002 20,00000000000001
646,0 2,45 0,15000000000000002 20,00000000000001
647,0 2,5 0,15000000000000002 20,000000000000007
648,0 2,5500000000000003 0,15000000000000002 20,000000000000007
649,0 2,6 0,15000000000000002 20,000000000000007
650,0 2,6500000000000004 0,15000000000000002 20,00000000000001
651,0 2,7 0,15000000000000002 20,00000000000001
652,0 2,75 0,15000000000000002 20,000000000000007
653,0 2,8000000000000003 0,15000000000000002 20,000000000000007
654,0 2,85 0,15000000000000002 20,000000000000007
655,0 2,9000000000000004 0,15000000000000002 20,00000000000001
656,0 2,95 0,15000000000000002 20,00000000000001
657,0 3,0 0,15000000000000002 20,000000000000007
658,0 3,0500000000000003 0,15000000000000002 20,000000000000007
659,0 3,1 0,15000000000000002 20,000000000000007
660,0 3,1500000000000004 0,15000000000000002 20,00000000000001
661,0 3,2 0,15000000000000002 20,00000000000001
662,0 3,25 0,15000000000000002 20,000000000000007
663,0 3,3000000000000003 0,15000000000000002 20,000000000000007
664,0 3,35 0,15000000000000002 20,000000000000007
665,0 3,4000000000000004 0,15000000000000002 20,00000000000001
666,0 3,45 0,15000000000000002 20,00000000000001
667,0 3,5 0,15000000000000002 20,000000000000007
668,0 3,5500000000000003 0,15000000000000002 20,000000000000007
669,0 3,6 0,15000000000000002 20,000000000000007
670,0 3,6500000000000004 0,15000000000000002 20,00000000000001
671,0 3,7 0,15000000000000002 20,00000000000001
672,0 3,75 0,15000000000000002 20,000000000000007
673,0 3,8000000000000003 0,15000000000000002 20,000000000000007
674,0 3,85 0,15000000000000002 20,000000000000007
675,0 3,9000000000000004 0,15000000000000002 20,00000000000001
676,0 3,95 0,15000000000000002 20,00000000000001
677,0 4,0 0,15000000000000002 20,000000000000007
678,0 4,05 0,15000000000000002 20,0
679,0 4,1000000000000005 0,15000000000000002 20,0
680,0 4,15 0,15000000000000002 20,0
681,0 4,2 0,15000000000000002 20,0
682,0 4,25 0,15000000000000002 20,0
683,0 4,3 0,15000000000000002 20,0
684,0 4,3500000000000005 0,15000000000000002 20,0
685,0 4,4 0,15000000000000002 20,0
686,0 4,45 0,15000000000000002 20,0
687,0 4,5 0,15000000000000002 20,0
688,0 4,55 0,15000000000000002 20,0
689,0 4,6000000000000005 0,15000000000000002 20,0
690,0 4,65 0,15000000000000002 20,0
691,0 4,7 0,15000000000000002 20,0
692,0 4,75 0,15000000000000002 20,0
693,0 4,800000000000001 0,15000000000000002 20,0
694,0 4,8500000000000005 0,15000000000000002 19,999999999999996
695,0 4,9 0,15000000000000002 19,999999999999993
696,0 4,95 0,15000000000000002 19,999999999999986
697,0 0,025 0,17500000000000002 23,520846926930574
698,0 0,07500000000000001 0,17500000000000002 21,839262709894186
699,0 0,125 0,17500000000000002 20,845611989715
700,0 0,17500000000000002 0,17500000000000002 20,3371740322736
701,0 0,225 0,17500000000000002 20,11488694531768
702,0 0,275 0,17500000000000002 20,032942095565303
703,0 0,32500000000000007 0,17500000000000002 20,007818478834334
704,0 0,37500000000000006 0,17500000000000002 20,001507628619166
705,0 0,42500000000000004 0,17500000000000002 20,000230860193497
706,0 0,47500000000000003 0,17500000000000002 20,000027176944737
707,0 0,525 0,17500000000000002 20,00000232621845
708,0 0,5750000000000001 0,17500000000000002 20,000000129163425
709,0 0,6250000000000001 0,17500000000000002 20,000000003468983
710,0 0,675 0,17500000000000002 20,0
711,0 0,7250000000000001 0,17500000000000002 20,0
712,0 0,775 0,17500000000000002 20,0
713,0 0,8250000000000001 0,17500000000000002 20,0
714,0 0,8750000000000001 0,17500000000000002 20,0
715,0 0,925 0,17500000000000002 20,000000000000007
716,0 0,9750000000000001 0,17500000000000002 20,000000000000018
717,0 1,025 0,17500000000000002 20,00000000000003
718,0 1,075 0,17500000000000002 20,00000000000003
719,0 1,125 0,17500000000000002 20,00000000000003
720,0 1,175 0,17500000000000002 20,000000000000032
721,0 1,225 0,17500000000000002 20,00000000000003
722,0 1,275 0,17500000000000002 20,00000000000003
723,0 1,325 0,17500000000000002 20,00000000000003
724,0 1,375 0,17500000000000002 20,00000000000003
725,0 1,425 0,17500000000000002 20,000000000000032
726,0 1,475 0,17500000000000002 20,00000000000003
727,0 1,525 0,17500000000000002 20,00000000000003
728,0 1,575 0,17500000000000002 20,00000000000003
729,0 1,625 0,17500000000000002 20,00000000000003
730,0 1,675 0,17500000000000002 20,000000000000032
731,0 1,725 0,17500000000000002 20,00000000000003
732,0 1,775 0,17500000000000002 20,00000000000003
733,0 1,825 0,17500000000000002 20,00000000000003
734,0 1,875 0,17500000000000002 20,00000000000003
735,0 1,925 0,17500000000000002 20,000000000000025
736,0 1,975 0,17500000000000002 20,000000000000018
737,0 2,025 0,17500000000000002 20,00000000000001
738,0 2,075 0,17500000000000002 20,000000000000007
739,0 2,125 0,17500000000000002 20,000000000000007
740,0 2,175 0,17500000000000002 20,0
741,0 2,225 0,17500000000000002 20,000000000000004
742,0 2,275 0,17500000000000002 20,0
743,0 2,325 0,17500000000000002 20,0
744,0 2,375 0,17500000000000002 20,000000000000004
745,0 2,4250000000000003 0,17500000000000002 20,000000000000007
746,0 2,475 0,17500000000000002 20,000000000000007
747,0 2,525 0,17500000000000002 20,0
748,0 2,575 0,17500000000000002 20,000000000000004
749,0 2,625 0,17500000000000002 20,00000000000001
750,0 2,6750000000000003 0,17500000000000002 20,000000000000007
751,0 2,725 0,17500000000000002 20,000000000000007
752,0 2,775 0,17500000000000002 20,0
753,0 2,825 0,17500000000000002 20,000000000000004
754,0 2,875 0,17500000000000002 20,00000000000001
755,0 2,9250000000000003 0,17500000000000002 20,000000000000007
756,0 2,975 0,17500000000000002 20,000000000000007
757,0 3,025 0,17500000000000002 20,0
758,0 3,075 0,17500000000000002 20,000000000000004
759,0 3,125 0,17500000000000002 20,00000000000001
760,0 3,1750000000000003 0,17500000000000002 20,000000000000007
761,0 3,225 0,17500000000000002 20,000000000000007
762,0 3,275 0,17500000000000002 20,0
763,0 3,325 0,17500000000000002 20,000000000000004
764,0 3,375 0,17500000000000002 20,00000000000001
765,0 3,4250000000000003 0,17500000000000002 20,000000000000007
766,0 3,475 0,17500000000000002 20,000000000000007
767,0 3,525 0,17500000000000002 20,0
768,0 3,575 0,17500000000000002 20,000000000000004
769,0 3,625 0,17500000000000002 20,00000000000001
770,0 3,6750000000000003 0,17500000000000002 20,000000000000007
771,0 3,725 0,17500000000000002 20,000000000000007
772,0 3,775 0,17500000000000002 20,0
773,0 3,825 0,17500000000000002 20,000000000000004
774,0 3,875 0,17500000000000002 20,00000000000001
775,0 3,9250000000000003 0,17500000000000002 20,000000000000007
776,0 3,975 0,17500000000000002 20,000000000000007
777,0 4,025 0,17500000000000002 20,0
778,0 4,075 0,17500000000000002 20,0
779,0 4,125000000000001 0,17500000000000002 20,0
780,0 4,175000000000001 0,17500000000000002 20,0
781,0 4,2250000000000005 0,17500000000000002 20,0
782,0 4,275 0,17500000000000002 20,0
783,0 4,325 0,17500000000000002 20,0
784,0 4,375000000000001 0,17500000000000002 20,0
785,0 4,425000000000001 0,17500000000000002 20,0
786,0 4,4750000000000005 0,17500000000000002 20,0
787,0 4,525 0,17500000000000002 20,0
788,0 4,575 0,17500000000000002 20,0
789,0 4,625000000000001 0,17500000000000002 20,0
790,0 4,675000000000001 0,17500000000000002 20,0
791,0 4,7250000000000005 0,17500000000000002 20,0
792,0 4,775 0,17500000000000002 20,0
793,0 4,825000000000001 0,17500000000000002 20,0
794,0 4,875000000000001 0,17500000000000002 20,0
795,0 4,925000000000001 0,17500000000000002 19,999999999999996
796,0 0,0 0,2 24,770846926930574
797,0 0,05 0,2 22,680054818412376
798,0 0,1 0,2 21,34243734980459
799,0 0,15000000000000002 0,2 20,5913930109943
800,0 0,2 0,2 20,226030488795644
801,0 0,25 0,2 20,07391452044149
802,0 0,30000000000000004 0,2 20,02038028719982
803,0 0,35000000000000003 0,2 20,004663053726752
804,0 0,4 0,2 20,00086924440633
805,0 0,45 0,2 20,00012901856912
806,0 0,5 0,2 20,000014751581592
807,0 0,55 0,2 20,00000122769094
808,0 0,6000000000000001 0,2 20,000000066316208
809,0 0,65 0,2 20,00000000173449
810,0 0,7000000000000001 0,2 20,000000000000004
811,0 0,75 0,2 20,0
812,0 0,8 0,2 20,000000000000004
813,0 0,8500000000000001 0,2 20,000000000000004
814,0 0,9 0,2 20,0
815,0 0,9500000000000001 0,2 20,000000000000014
816,0 1,0 0,2 20,000000000000025
817,0 1,05 0,2 20,00000000000003
818,0 1,1 0,2 20,00000000000003
819,0 1,1500000000000001 0,2 20,000000000000036
820,0 1,2000000000000002 0,2 20,000000000000032
821,0 1,25 0,2 20,00000000000003
822,0 1,3 0,2 20,00000000000003
823,0 1,35 0,2 20,00000000000003
824,0 1,4000000000000001 0,2 20,000000000000036
825,0 1,4500000000000002 0,2 20,000000000000032
826,0 1,5 0,2 20,00000000000003
827,0 1,55 0,2 20,00000000000003
828,0 1,6 0,2 20,00000000000003
829,0 1,6500000000000001 0,2 20,000000000000036
830,0 1,7000000000000002 0,2 20,000000000000032
831,0 1,75 0,2 20,00000000000003
832,0 1,8 0,2 20,00000000000003
833,0 1,85 0,2 20,00000000000003
834,0 1,9000000000000001 0,2 20,00000000000003
835,0 1,9500000000000002 0,2 20,00000000000002
836,0 2,0 0,2 20,00000000000001
837,0 2,0500000000000003 0,2 20,000000000000007
838,0 2,1 0,2 20,000000000000007
839,0 2,15 0,2 20,0
840,0 2,2 0,2 20,0
841,0 2,25 0,2 20,0
842,0 2,3000000000000003 0,2 19,999999999999996
843,0 2,35 0,2 20,0
844,0 2,4000000000000004 0,2 20,000000000000004
845,0 2,45 0,2 20,000000000000007
846,0 2,5 0,2 20,0
847,0 2,5500000000000003 0,2 20,0
848,0 2,6 0,2 20,000000000000004
849,0 2,6500000000000004 0,2 20,000000000000007
850,0 2,7 0,2 20,000000000000007
851,0 2,75 0,2 20,0
852,0 2,8000000000000003 0,2 20,0
853,0 2,85 0,2 20,000000000000004
854,0 2,9000000000000004 0,2 20,000000000000007
855,0 2,95 0,2 20,000000000000007
856,0 3,0 0,2 20,0
857,0 3,0500000000000003 0,2 20,0
858,0 3,1 0,2 20,000000000000004
859,0 3,1500000000000004 0,2 20,000000000000007
860,0 3,2 0,2 20,000000000000007
861,0 3,25 0,2 20,0
862,0 3,3000000000000003 0,2 20,0
863,0 3,35 0,2 20,000000000000004
864,0 3,4000000000000004 0,2 20,000000000000007
865,0 3,45 0,2 20,000000000000007
866,0 3,5 0,2 20,0
867,0 3,5500000000000003 0,2 20,0
868,0 3,6 0,2 20,000000000000004
869,0 3,6500000000000004 0,2 20,000000000000007
870,0 3,7 0,2 20,000000000000007
871,0 3,75 0,2 20,0
872,0 3,8000000000000003 0,2 20,0
873,0 3,85 0,2 20,000000000000004
874,0 3,9000000000000004 0,2 20,000000000000007
875,0 3,95 0,2 20,000000000000007
876,0 4,0 0,2 20,000000000000004
877,0 4,05 0,2 20,0
878,0 4,1000000000000005 0,2 20,000000000000004
879,0 4,15 0,2 20,0
880,0 4,2 0,2 20,0
881,0 4,25 0,2 20,0
882,0 4,3 0,2 20,0
883,0 4,3500000000000005 0,2 20,000000000000004
884,0 4,4 0,2 20,0
885,0 4,45 0,2 20,0
886,0 4,5 0,2 20,0
887,0 4,55 0,2 20,0
888,0 4,6000000000000005 0,2 20,000000000000004
889,0 4,65 0,2 20,0
890,0 4,7 0,2 20,0
891,0 4,75 0,2 20,0
892,0 4,800000000000001 0,2 20,000000000000004
893,0 4,8500000000000005 0,2 20,0
894,0 4,9 0,2 20,0
895,0 4,95 0,2 19,999999999999996
