896
0,0 0,0 0,0 64,55288846374573
1,0 0,05 0,0 62,097530670162705
2,0 0,1 0,0 59,73136791542547
3,0 0,15000000000000002 0,0 57,454132613815446
4,0 0,2 0,0 55,26538057126434
5,0 0,25 0,0 53,164493639873186
6,0 0,30000000000000004 0,0 51,150683397156506
7,0 0,35000000000000003 0,0 49,222995813550874
8,0 0,4 0,0 47,38031686218283
9,0 0,45 0,0 45,62137901598241
10,0 0,5 0,0 43,94476856907109
11,0 0,55 0,0 42,34893371205155
12,0 0,6000000000000001 0,0 40,83219328447074
13,0 0,65 0,0 39,39274612239063
14,0 0,7000000000000001 0,0 38,02868091473787
15,0 0,75 0,0 36,737986478953
16,0 0,8 0,0 35,51856236444069
17,0 0,8500000000000001 0,0 34,36822969143566
18,0 0,9 0,0 33,2847421331282
19,0 0,9500000000000001 0,0 32,265796950204496
20,0 1,0 0,0 31,309045989299825
21,0 1,05 0,0 30,41210656017313
22,0 1,1 0,0 29,5725721106115
23,0 1,1500000000000001 0,0 28,788022623073438
24,0 1,2000000000000002 0,0 28,056034662782174
25,0 1,25 0,0 27,37419101327968
26,0 1,3 0,0 26,740089842236628
27,0 1,35 0,0 26,151353347470934
28,0 1,4000000000000001 0,0 25,605635840542348
29,0 1,4500000000000002 0,0 25,100631232849594
30,0 1,5 0,0 24,634079896750933
31,0 1,55 0,0 24,203774881751404
32,0 1,6 0,0 23,807567473154375
33,0 1,6500000000000001 0,0 23,443372087667925
34,0 1,7000000000000002 0,0 23,109170507208756
35,0 1,75 0,0 22,80301545848425
36,0 1,8 0,0 22,52303355179704
37,0 1,85 0,0 22,26742759785534
38,0 1,9000000000000001 0,0 22,03447832614774
39,0 1,9500000000000002 0,0 21,822545532625956
40,0 2,0 0,0 21,630068688015903
41,0 2,0500000000000003 0,0 21,455567041040926
42,0 2,1 0,0 21,297639253194532
43,0 2,15 0,0 21,154962603456564
44,0 2,2 0,0 21,026291802527222
45,0 2,25 0,0 20,9104574567866
46,0 2,3000000000000003 0,0 20,806364222307483
47,0 2,35 0,0 20,712988688895948
48,0 2,4000000000000004 0,0 20,629377033351446
49,0 2,45 0,0 20,554642479972344
50,0 2,5 0,0 20,487962604832365
51,0 2,5500000000000003 0,0 20,428576518568118
52,0 2,6 0,0 20,375781960396615
53,0 2,6500000000000004 0,0 20,328932333873496
54,0 2,7 0,0 20,287433712553813
55,0 2,75 0,0 20,250741841272813
56,0 2,8000000000000003 0,0 20,218359156265876
57,0 2,85 0,0 20,18983184483274
58,0 2,9000000000000004 0,0 20,164746962756773
59,0 2,95 0,0 20,142729625246247
60,0 3,0 0,0 20,123440284798168
61,0 3,0500000000000003 0,0 20,10657210711999
62,0 3,1 0,0 20,0918484540985
63,0 3,1500000000000004 0,0 20,07902048079493
64,0 3,2 0,0 20,06786485158123
65,0 3,25 0,0 20,058181578822804
66,0 3,3000000000000003 0,0 20,049791985963356
67,0 3,35 0,0 20,042536795478124
68,0 3,4000000000000004 0,0 20,036274340933755
69,0 3,45 0,0 20,030878901321426
70,0 3,5 0,0 20,02623915491084
71,0 3,5500000000000003 0,0 20,022256749099192
72,0 3,6 0,0 20,018844982092354
73,0 3,6500000000000004 0,0 20,015927591747634
74,0 3,7 0,0 20,013437646517403
75,0 3,75 0,0 20,011316533150804
76,0 3,8000000000000003 0,0 20,00951303562615
77,0 3,85 0,0 20,007982499688527
78,0 3,9000000000000004 0,0 20,006686077345456
79,0 3,95 0,0 20,005590045717483
80,0 4,0 0,0 20,004665194740916
81,0 4,05 0,0 20,003886278367446
82,0 4,1000000000000005 0,0 20,003231524090637
83,0 4,15 0,0 20,002682195845534
84,0 4,2 0,0 20,002222205566753
85,0 4,25 0,0 20,001837768945464
86,0 4,3 0,0 20,001517101192544
87,0 4,3500000000000005 0,0 20,001250148886438
88,0 4,4 0,0 20,00102835425734
89,0 4,45 0,0 20,000844448529364
90,0 4,5 0,0 20,00069227120622
91,0 4,55 0,0 20,00056661244148
92,0 4,6000000000000005 0,0 20,00046307587864
93,0 4,65 0,0 20,000377959577012
94,0 4,7 0,0 20,000308152855126
95,0 4,75 0,0 20,00025104707911
96,0 4,800000000000001 0,0 20,00020445859491
97,0 4,8500000000000005 0,0 20,000166562123763
98,0 4,9 0,0 20,000135832711962
99,0 4,95 0,0 20,00011098675922
100,0 0,025 0,025 63,325209566954214
101,0 0,07500000000000001 0,025 60,91444929279409
102,0 0,125 0,025 58,59275026462046
103,0 0,17500000000000002 0,025 56,35975659253989
104,0 0,225 0,025 54,214937105568765
105,0 0,275 0,025 52,15758851851484
106,0 0,32500000000000007 0,025 50,18683960535369
107,0 0,37500000000000006 0,025 48,30165633786685
108,0 0,42500000000000004 0,025 46,500847939082625
109,0 0,47500000000000003 0,025 44,78307379252675
110,0 0,525 0,025 43,146851140561324
111,0 0,5750000000000001 0,025 41,59056349826115
112,0 0,6250000000000001 0,025 40,11246970343069
113,0 0,675 0,025 38,710713518564255
114,0 0,7250000000000001 0,025 37,38333369684543
115,0 0,775 0,025 36,12827442169685
116,0 0,8250000000000001 0,025 34,94339602793817
117,0 0,8750000000000001 0,025 33,82648591228193
118,0 0,925 0,025 32,77526954166635
119,0 0,9750000000000001 0,025 31,78742146975216
120,0 1,025 0,025 30,86057627473648
121,0 1,075 0,025 29,992339335392316
122,0 1,125 0,025 29,180297366842467
123,0 1,175 0,025 28,42202864292781
124,0 1,225 0,025 27,71511283803093
125,0 1,275 0,025 27,057140427758156
126,0 1,325 0,025 26,445721594853786
127,0 1,375 0,025 25,878494594006646
128,0 1,425 0,025 25,353133536695978
129,0 1,475 0,025 24,867355564800263
130,0 1,525 0,025 24,418927389251174
131,0 1,575 0,025 24,005671177452893
132,0 1,625 0,025 23,62546978041115
133,0 1,675 0,025 23,276271297438342
134,0 1,725 0,025 22,9560929828465
135,0 1,775 0,025 22,663024505140644
136,0 1,825 0,025 22,395230574826194
137,0 1,875 0,025 22,15095296200154
138,0 1,925 0,025 21,92851192938685
139,0 1,975 0,025 21,72630711032093
140,0 2,025 0,025 21,542817864528416
141,0 2,075 0,025 21,376603147117734
142,0 2,125 0,025 21,226300928325553
143,0 2,175 0,025 21,090627202991897
144,0 2,225 0,025 20,96837462965691
145,0 2,275 0,025 20,858410839547048
146,0 2,325 0,025 20,75967645560172
147,0 2,375 0,025 20,6711828611237
148,0 2,4250000000000003 0,025 20,592009756661902
149,0 2,475 0,025 20,52130254240236
150,0 2,525 0,025 20,45826956170025
151,0 2,575 0,025 20,40217923948237
152,0 2,625 0,025 20,35235714713506
153,0 2,6750000000000003 0,025 20,30818302321366
154,0 2,725 0,025 20,269087776913313
155,0 2,775 0,025 20,234550498769348
156,0 2,825 0,025 20,204095500549307
157,0 2,875 0,025 20,17728940379476
158,0 2,9250000000000003 0,025 20,153738294001514
159,0 2,975 0,025 20,13308495502221
160,0 3,025 0,025 20,115006195959083
161,0 3,075 0,025 20,09921028060925
162,0 3,125 0,025 20,085434467446717
163,0 3,1750000000000003 0,025 20,073442666188086
164,0 3,225 0,025 20,063023215202023
165,0 3,275 0,025 20,053986782393082
166,0 3,325 0,025 20,046164390720744
167,0 3,375 0,025 20,039405568205943
168,0 3,4250000000000003 0,025 20,033576621127597
169,0 3,475 0,025 20,028559028116135
170,0 3,525 0,025 20,024247952005023
171,0 3,575 0,025 20,02055086559578
172,0 3,625 0,025 20,017386286919997
173,0 3,6750000000000003 0,025 20,014682619132522
174,0 3,725 0,025 20,012377089834104
175,0 3,775 0,025 20,010414784388484
176,0 3,825 0,025 20,00874776765734
177,0 3,875 0,025 20,007334288516997
178,0 3,9250000000000003 0,025 20,006138061531473
179,0 3,975 0,025 20,005127620229203
180,0 4,025 0,025 20,004275736554177
181,0 4,075 0,025 20,003558901229045
182,0 4,125000000000001 0,025 20,00295685996809
183,0 4,175000000000001 0,025 20,002452200706152
184,0 4,2250000000000005 0,025 20,00202998725613
185,0 4,275 0,025 20,001677435069052
186,0 4,325 0,025 20,001383625039598
187,0 4,375000000000001 0,025 20,001139251572123
188,0 4,425000000000001 0,025 20,000936401393894
189,0 4,4750000000000005 0,025 20,00076835986903
190,0 4,525 0,025 20,000629441826693
191,0 4,575 0,025 20,000514844166585
192,0 4,625000000000001 0,025 20,00042051774279
193,0 4,675000000000001 0,025 20,0003430562504
194,0 4,7250000000000005 0,025 20,00027960004588
195,0 4,775 0,025 20,00022775301788
196,0 4,825000000000001 0,025 20,000185510780483
197,0 4,875000000000001 0,025 20,00015119854673
198,0 4,925000000000001 0,025 20,000123416489853
199,0 0,0 0,05 64,57520956695423
200,0 0,05 0,05 62,119829429874144
201,0 0,1 0,05 59,753599778707276
202,0 0,15000000000000002 0,05 57,47625342858017
203,0 0,2 0,05 55,28734684905433
204,0 0,25 0,05 53,186262812041804
205,0 0,30000000000000004 0,05 51,17221406193427
206,0 0,35000000000000003 0,05 49,24424797161028
207,0 0,4 0,05 47,401252138474746
208,0 0,45 0,05 45,6419608658047
209,0 0,5 0,05 43,964962466544044
210,0 0,55 0,05 42,368707319411236
211,0 0,6000000000000001 0,05 40,85151660084591
212,0 0,65 0,05 39,411591610997476
213,0 0,7000000000000001 0,05 38,047023607704844
214,0 0,75 0,05 36,75580405927114
215,0 0,8 0,05 35,53583522481751
216,0 0,8500000000000001 0,05 34,38494097011005
217,0 0,9 0,05 33,30087772697414
218,0 0,9500000000000001 0,05 32,28134550570925
219,0 1,0 0,05 31,323998872244317
220,0 1,05 0,05 30,426457805064388
221,0 1,1 0,05 29,586318351117388
222,0 1,1500000000000001 0,05 28,801163004885133
223,0 1,2000000000000002 0,05 28,06857074047937
224,0 1,25 0,05 27,386126632894534
225,0 1,3 0,05 26,751431011305968
226,0 1,35 0,05 26,16210809443021
227,0 1,4000000000000001 0,05 25,615814065351312
228,0 1,4500000000000002 0,05 25,110244550748117
229,0 1,5 0,05 24,643141477025715
230,0 1,55 0,05 24,212299283352028
231,0 1,6 0,05 23,815570478932017
232,0 1,6500000000000001 0,05 23,450870538924747
233,0 1,7000000000000002 0,05 23,116182140142417
234,0 1,75 0,05 22,809558743993566
235,0 1,8 0,05 22,529127539983413
236,0 1,85 0,05 22,273091768413863
237,0 1,9000000000000001 0,05 22,03973244569419
238,0 1,9500000000000002 0,05 21,827409519853884
239,0 2,0 0,05 21,634562487424674
240,0 2,0500000000000003 0,05 21,459710505823082
241,0 2,1 0,05 21,30145203772165
242,0 2,15 0,05 21,158464065658723
243,0 2,2 0,05 21,029500916324412
244,0 2,25 0,05 20,913392734601977
245,0 2,3000000000000003 0,05 20,809043647574388
246,0 2,35 0,05 20,71542965836271
247,0 2,4000000000000004 0,05 20,63159630889281
248,0 2,45 0,05 20,556656149532134
249,0 2,5 0,05 20,489786052051304
250,0 2,5500000000000003 0,05 20,430224400591314
251,0 2,6 0,05 20,377268193308712
252,0 2,6500000000000004 0,05 20,330270085174362
253,0 2,7 0,05 20,288635400063487
254,0 2,75 0,05 20,251819137841327
255,0 2,8000000000000003 0,05 20,21932299965933
256,0 2,85 0,05 20,190692452172033
257,0 2,9000000000000004 0,05 20,16551384889814
258,0 2,95 0,05 20,143411624511867
259,0 3,0 0,05 20,124045575490648
260,0 3,0500000000000003 0,05 20,10710823828417
261,0 3,1 0,05 20,092322374027983
262,0 3,1500000000000004 0,05 20,079438566817405
263,0 3,2 0,05 20,068232940695054
264,0 3,25 0,05 20,058504998797552
265,0 3,3000000000000003 0,05 20,05007558655691
266,0 3,35 0,05 20,04278497946334
267,0 3,4000000000000004 0,05 20,036491094666772
268,0 3,45 0,05 20,03106782462187
269,0 3,5 0,05 20,026403490060577
270,0 3,5500000000000003 0,05 20,022399408800403
271,0 3,6 0,05 20,01896857625789
272,0 3,6500000000000004 0,05 20,01603445302626
273,0 3,7 0,05 20,013529854483316
274,0 3,75 0,05 20,011395937111295
275,0 3,8000000000000003 0,05 20,009581276022914
276,0 3,85 0,05 20,00804102808717
277,0 3,9000000000000004 0,05 20,006736175024237
278,0 3,95 0,05 20,005632840880338
279,0 4,0 0,05 20,004701678391694
280,0 4,05 0,05 20,00391731889162
281,0 4,1000000000000005 0,05 20,00325788059857
282,0 4,15 0,05 20,002704530337134
283,0 4,2 0,05 20,00224109398117
284,0 4,25 0,05 20,001853711162653
285,0 4,3 0,05 20,001530530054453
286,0 4,3500000000000005 0,05 20,001261438306148
287,0 4,4 0,05 20,001037826483675
288,0 4,45 0,05 20,000852380632985
289,0 4,5 0,05 20,000698900851347
290,0 4,55 0,05 20,000572143004636
291,0 4,6000000000000005 0,05 20,000467680973035
292,0 4,65 0,05 20,000381787038677
293,0 4,7 0,05 20,000311328244663
294,0 4,75 0,05 20,000253676753285
295,0 4,800000000000001 0,05 20,00020663240788
296,0 4,8500000000000005 0,05 20,000168355854832
297,0 4,9 0,05 20,000137310883332
298,0 4,95 0,05 20,00011221997887
299,0 0,025 0,07500000000000001 63,347519498414215
300,0 0,07500000000000001 0,07500000000000001 60,93671460429073
301,0 0,125 0,07500000000000001 58,614926603643724
302,0 0,17500000000000002 0,07500000000000001 56,381800138817255
303,0 0,225 0,07500000000000001 54,23680483054807
304,0 0,275 0,07500000000000001 52,179238436988044
305,0 0,32500000000000007 0,07500000000000001 50,20823101677229
306,0 0,37500000000000006 0,07500000000000001 48,32275005504253
307,0 0,42500000000000004 0,07500000000000001 46,52160650213975
308,0 0,47500000000000003 0,07500000000000001 44,803461666174385
309,0 0,525 0,07500000000000001 43,166834892977654
310,0 0,5750000000000001 0,07500000000000001 41,61011196012859
311,0 0,6250000000000001 0,07500000000000001 40,13155410592171
312,0 0,675 0,07500000000000001 38,72930760935117
313,0 0,7250000000000001 0,07500000000000001 37,401413833488
314,0 0,775 0,07500000000000001 36,14581964204433
315,0 0,8250000000000001 0,07500000000000001 34,9603880974638
316,0 0,8750000000000001 0,07500000000000001 33,84290934854211
317,0 0,925 0,07500000000000001 32,79111161634171
318,0 0,9750000000000001 0,07500000000000001 31,802672188976796
319,0 1,025 0,07500000000000001 30,875228338654356
320,0 1,075 0,07500000000000001 30,00638807809089
321,0 1,125 0,07500000000000001 29,193740678001262
322,0 1,175 0,07500000000000001 28,434866872682253
323,0 1,225 0,07500000000000001 27,72734868668696
324,0 1,275 0,07500000000000001 27,068778822100256
325,0 1,325 0,07500000000000001 26,45676955286809
326,0 1,375 0,07500000000000001 25,88896107989076
327,0 1,425 0,07500000000000001 25,36302930804971
328,0 1,475 0,07500000000000001 24,87669301388692
329,0 1,525 0,07500000000000001 24,427720380188866
330,0 1,575 0,07500000000000001 24,01393488114202
331,0 1,625 0,07500000000000001 23,63322050892838
332,0 1,675 0,07500000000000001 23,283526339533587
333,0 1,725 0,07500000000000001 22,962870442068
334,0 1,775 0,07500000000000001 22,66934314198849
335,0 1,825 0,07500000000000001 22,40110965419864
336,0 1,875 0,07500000000000001 22,156412107054027
337,0 1,925 0,07500000000000001 21,93357098277404
338,0 1,975 0,07500000000000001 21,730986003639288
339,0 2,025 0,07500000000000001 21,54713649662389
340,0 2,075 0,07500000000000001 21,38058127177237
341,0 2,125 0,07500000000000001 21,229958051690193
342,0 2,175 0,07500000000000001 21,093982490991575
343,0 2,225 0,07500000000000001 20,971446825463204
344,0 2,275 0,07500000000000001 20,86121819108819
345,0 2,325 0,07500000000000001 20,762236652968557
346,0 2,375 0,07500000000000001 20,673512983627763
347,0 2,4250000000000003 0,07500000000000001 20,594126229212478
348,0 2,475 0,07500000000000001 20,52322110079173
349,0 2,525 0,07500000000000001 20,460005226321318
350,0 2,575 0,07500000000000001 20,40374629695002
351,0 2,625 0,07500000000000001 20,353769139241546
352,0 2,6750000000000003 0,07500000000000001 20,30945274261893
353,0 2,725 0,07500000000000001 20,270227268952414
354,0 2,775 0,07500000000000001 20,235571068750335
355,0 2,825 0,07500000000000001 20,20500772591569
356,0 2,875 0,07500000000000001 20,178103150535094
357,0 2,9250000000000003 0,07500000000000001 20,154462736705014
358,0 2,975 0,07500000000000001 20,133728600001263
359,0 3,025 0,07500000000000001 20,11557690688742
360,0 3,075 0,07500000000000001 20,09971530615608
361,0 3,125 0,07500000000000001 20,0858804704227
362,0 3,1750000000000003 0,07500000000000001 20,07383575375624
363,0 3,225 0,07500000000000001 20,06336896974631
364,0 3,275 0,07500000000000001 20,05429029267724
365,0 3,325 0,07500000000000001 20,046430283010135
366,0 3,375 0,07500000000000001 20,039638037065064
367,0 3,4250000000000003 0,07500000000000001 20,03377945964433
368,0 3,475 0,07500000000000001 20,02873565734123
369,0 3,525 0,07500000000000001 20,0244014494305
370,0 3,575 0,07500000000000001 20,020683992529154
371,0 3,625 0,07500000000000001 20,01750151464208
372,0 3,6750000000000003 0,07500000000000001 20,014782153754794
373,0 3,725 0,07500000000000001 20,012462895797313
374,0 3,775 0,07500000000000001 20,01048860656711
375,0 3,825 0,07500000000000001 20,008811152055053
376,0 3,875 0,07500000000000001 20,007388601555714
377,0 3,9250000000000003 0,07500000000000001 20,006184507952298
378,0 3,975 0,07500000000000001 20,005167259636025
379,0 4,025 0,07500000000000001 20,004309498641657
380,0 4,075 0,07500000000000001 20,003587599745103
381,0 4,125000000000001 0,07500000000000001 20,00298120546786
382,0 4,175000000000001 0,07500000000000001 20,002472812159173
383,0 4,2250000000000005 0,07500000000000001 20,00204740257196
384,0 4,275 0,07500000000000001 20,001692120608663
385,0 4,325 0,07500000000000001 20,001395984180554
386,0 4,375000000000001 0,07500000000000001 20,001149632395485
387,0 4,425000000000001 0,07500000000000001 20,000945103559644
388,0 4,4750000000000005 0,07500000000000001 20,00077564074519
389,0 4,525 0,07500000000000001 20,00063552193492
390,0 4,575 0,07500000000000001 20,000519912004734
391,0 4,625000000000001 0,07500000000000001 20,000424734042323
392,0 4,675000000000001 0,07500000000000001 20,000346557725322
393,0 4,7250000000000005 0,07500000000000001 20,000282502690826
394,0 4,775 0,07500000000000001 20,000230155020457
395,0 4,825000000000001 0,07500000000000001 20,0001874951373
396,0 4,875000000000001 0,07500000000000001 20,000152835607132
397,0 4,925000000000001 0,07500000000000001 20,00012476882044
398,0 0,0 0,1 64,59751949841426
399,0 0,05 0,1 62,142117051352514
400,0 0,1 0,1 59,77582060396723
401,0 0,15000000000000002 0,1 57,4983633712305
402,0 0,2 0,1 55,309302484682654
403,0 0,25 0,1 53,20802163376807
404,0 0,30000000000000004 0,1 51,19373472688019
405,0 0,35000000000000003 0,1 49,26549053590744
406,0 0,4 0,1 47,42217827859116
407,0 0,45 0,1 45,662534084157095
408,0 0,5 0,1 43,98514827957604
409,0 0,55 0,1 42,38847342655315
410,0 0,6000000000000001 0,1 40,87083303302516
411,0 0,65 0,1 39,43043085763644
412,0 0,7000000000000001 0,1 38,06536072141959
413,0 0,75 0,1 36,77361673776617
414,0 0,8 0,1 35,55310386975408
415,0 0,8500000000000001 0,1 34,40164872300296
416,0 0,9 0,1 33,317010482441916
417,0 0,9500000000000001 0,1 32,296891902659254
418,0 1,0 0,1 31,33895026381559
419,0 1,05 0,1 30,440808208372626
420,0 1,1 0,1 29,600064378046085
421,0 1,1500000000000001 0,1 28,814303775341763
422,0 1,2000000000000002 0,1 28,08110777968461
423,0 1,25 0,1 27,398063754393604
424,0 1,3 0,1 26,762774187484172
425,0 1,35 0,1 26,172865316379422
426,0 1,4000000000000001 0,1 25,62599519397024
427,0 1,4500000000000002 0,1 25,119861160968323
428,0 1,5 0,1 24,6522066970379
429,0 1,55 0,1 24,22082763066545
430,0 1,6 0,1 23,823577695035205
431,0 1,6500000000000001 0,1 23,458373424230988
432,0 1,7000000000000002 0,1 23,123198390800795
433,0 1,75 0,1 22,816106792028247
434,0 1,8 0,1 22,535226398093567
435,0 1,85 0,1 22,278760880626336
436,0 1,9000000000000001 0,1 22,04499154491404
437,0 1,9500000000000002 0,1 21,832278493206676
438,0 2,0 0,1 21,639061250131594
439,0 2,0500000000000003 0,1 21,46385888419814
440,0 2,1 0,1 21,30526966173129
441,0 2,15 0,1 21,161970271340884
442,0 2,2 0,1 21,032714658227395
443,0 2,25 0,1 20,916332508275698
444,0 2,3000000000000003 0,1 20,81172742202838
445,0 2,35 0,1 20,717874818298164
446,0 2,4000000000000004 0,1 20,63381960642013
447,0 2,45 0,1 20,55867366500211
448,0 2,5 0,1 20,491613163556526
449,0 2,5500000000000003 0,1 20,431875761635673
450,0 2,6 0,1 20,378757718095784
451,0 2,6500000000000004 0,1 20,331610940930243
452,0 2,7 0,1 20,289840005785678
453,0 2,75 0,1 20,25289916885138
454,0 2,8000000000000003 0,1 20,220289397333016
455,0 2,85 0,1 20,191555438225397
456,0 2,9000000000000004 0,1 20,166282943620057
457,0 2,95 0,1 20,144095668353145
458,0 3,0 0,1 20,12465275344434
459,0 3,0500000000000003 0,1 20,107646106521756
460,0 3,1 0,1 20,092797888289393
461,0 3,1500000000000004 0,1 20,079858112089475
462,0 3,2 0,1 20,06860236175128
463,0 3,25 0,1 20,058829631211776
464,0 3,3000000000000003 0,1 20,050360287843695
465,0 3,35 0,1 20,043034160037596
466,0 3,4000000000000004 0,1 20,0367087483547
467,0 3,45 0,1 20,031257558492783
468,0 3,5 0,1 20,026568553385864
469,0 3,5500000000000003 0,1 20,022542720979832
470,0 3,6 0,1 20,019092753585618
471,0 3,6500000000000004 0,1 20,016141834198443
472,0 3,7 0,1 20,01362252477606
473,0 3,75 0,1 20,011475751182214
474,0 3,8000000000000003 0,1 20,009649879311088
475,0 3,85 0,1 20,008099876805385
476,0 3,9000000000000004 0,1 20,00678655475401
477,0 3,95 0,1 20,00567588379417
478,0 4,0 0,1 20,004738379138843
479,0 4,05 0,1 20,00394854919338
480,0 4,1000000000000005 0,1 20,003284402606493
481,0 4,15 0,1 20,002727008813533
482,0 4,2 0,1 20,002260107365604
483,0 4,25 0,1 20,001869761590395
484,0 4,3 0,1 20,00154405239479
485,0 4,3500000000000005 0,1 20,001272808288434
486,0 4,4 0,1 20,00104736797851
487,0 4,45 0,1 20,000860372154584
488,0 4,5 0,1 20,00070558134503
489,0 4,55 0,1 20,000577716981237
490,0 4,6000000000000005 0,1 20,00047232304971
491,0 4,65 0,1 20,00038564594388
492,0 4,7 0,1 20,000314530345825
493,0 4,75 0,1 20,00025632917151
494,0 4,800000000000001 0,1 20,000208825801796
495,0 4,8500000000000005 0,1 20,000170166994256
496,0 4,9 0,1 20,000138805027447
497,0 4,95 0,1 20,000113447771234
498,0 0,025 0,125 63,36981827488341
499,0 0,07500000000000001 0,125 60,958968827659874
500,0 0,125 0,125 58,637091987598865
501,0 0,17500000000000002 0,125 56,40383292795657
502,0 0,225 0,125 54,25866205922537
503,0 0,275 0,125 52,20087818032413
504,0 0,32500000000000007 0,125 50,22961263139381
505,0 0,37500000000000006 0,125 48,343834407249304
506,0 0,42500000000000004 0,125 46,54235618137413
507,0 0,47500000000000003 0,125 44,82384118186656
508,0 0,525 0,125 43,1868108530646
509,0 0,5750000000000001 0,125 41,62965322978916
510,0 0,6250000000000001 0,125 40,150631945330794
511,0 0,675 0,125 38,74789578952803
512,0 0,7250000000000001 0,125 37,41948872959287
513,0 0,775 0,125 36,16336030376013
514,0 0,8250000000000001 0,125 34,97737629637853
515,0 0,8750000000000001 0,125 33,85932960272243
516,0 0,925 0,125 32,80695119255059
517,0 0,9750000000000001 0,125 31,817921083237415
518,0 1,025 0,125 30,889879236094114
519,0 1,075 0,125 30,020436293209368
520,0 1,125 0,125 29,207184076693935
521,0 1,175 0,125 28,447705777513193
522,0 1,225 0,125 27,739585767039113
523,0 1,275 0,125 27,0804189709389
524,0 1,325 0,125 26,46781975193181
525,0 1,375 0,125 25,899430255174845
526,0 1,425 0,125 25,37292817746929
527,0 1,475 0,125 24,886033929003116
528,0 1,525 0,125 24,43651716385169
529,0 1,575 0,125 24,02220266285034
530,0 1,625 0,125 23,64097555963311
531,0 1,675 0,125 23,290785907515904
532,0 1,725 0,125 22,969652591414526
533,0 1,775 0,125 22,675666595060918
534,0 1,825 0,125 22,406993639359964
535,0 1,875 0,125 22,1618762127702
536,0 1,925 0,125 21,938635019060367
537,0 1,975 0,125 21,73566987166914
538,0 2,025 0,125 21,551460067164868
539,0 2,075 0,125 21,384564272964713
540,0 2,125 0,125 21,23361996653609
541,0 2,175 0,125 21,097342464784145
542,0 2,225 0,125 20,974523583251543
543,0 2,275 0,125 20,864029965152042
544,0 2,325 0,125 20,76480112016327
545,0 2,375 0,125 20,675847212359148
546,0 2,4250000000000003 0,125 20,596246635711115
547,0 2,475 0,125 20,525143414279313
548,0 2,525 0,125 20,4617444625961
549,0 2,575 0,125 20,405316739865725
550,0 2,625 0,125 20,355184329513015
551,0 2,6750000000000003 0,125 20,31072547335796
552,0 2,725 0,125 20,271369587318528
553,0 2,775 0,125 20,236594283092202
554,0 2,825 0,125 20,205922417779203
555,0 2,875 0,125 20,17891919092273
556,0 2,9250000000000003 0,125 20,155189305986596
557,0 2,975 0,125 20,13437421089874
558,0 3,025 0,125 20,116149429983054
559,0 3,075 0,125 20,100221997405573
560,0 3,125 0,125 20,08632800018944
561,0 3,1750000000000003 0,125 20,074230236920375
562,0 3,225 0,125 20,063715996481527
563,0 3,275 0,125 20,054594959527737
564,0 3,325 0,125 20,04669722394064
565,0 3,375 0,125 20,03987145419615
566,0 3,4250000000000003 0,125 20,033983153423737
567,0 3,475 0,125 20,028913055939324
568,0 3,525 0,125 20,024555637182846
569,0 3,575 0,125 20,02081773728272
570,0 3,625 0,125 20,01761729389203
571,0 3,6750000000000003 0,125 20,01488217948725
572,0 3,725 0,125 20,012549137979136
573,0 3,775 0,125 20,010562815246654
574,0 3,825 0,125 20,008874878058233
575,0 3,875 0,125 20,007443215779702
576,0 3,9250000000000003 0,125 20,00623121927409
577,0 3,975 0,125 20,005207131466506
578,0 4,025 0,125 20,00434346416612
579,0 4,075 0,125 20,003616475899946
580,0 4,125000000000001 0,125 20,003005705710027
581,0 4,175000000000001 0,125 20,002493558089597
582,0 4,2250000000000005 0,125 20,00206493447805
583,0 4,275 0,125 20,00170690699271
584,0 4,325 0,125 20,001408430341872
585,0 4,375000000000001 0,125 20,001160088134057
586,0 4,425000000000001 0,125 20,00095387006788
587,0 4,4750000000000005 0,125 20,00078297675286
588,0 4,525 0,125 20,00064164917013
589,0 4,575 0,125 20,00052502003152
590,0 4,625000000000001 0,125 20,000428984533603
591,0 4,675000000000001 0,125 20,00035008822928
592,0 4,7250000000000005 0,125 20,000285429952285
593,0 4,775 0,125 20,000232577930547
594,0 4,825000000000001 0,125 20,000189497413132
595,0 4,875000000000001 0,125 20,000154488269246
596,0 4,925000000000001 0,125 20,000126129818916
597,0 0,0 0,15000000000000002 64,6198182748834
598,0 0,05 0,15000000000000002 62,164393551271644
599,0 0,1 0,15000000000000002 59,79803040762938
600,0 0,15000000000000002 0,15000000000000002 57,520462457777725
601,0 0,2 0,15000000000000002 55,33124749359098
602,0 0,25 0,15000000000000002 53,22977011977475
603,0 0,30000000000000004 0,15000000000000002 51,21524540585898
604,0 0,35000000000000003 0,15000000000000002 49,28672351932156
605,0 0,4 0,15000000000000002 47,44309529431172
606,0 0,45 0,15000000000000002 45,68309868162035
607,0 0,5 0,15000000000000002 44,00532601746558
608,0 0,55 0,15000000000000002 42,408232041426885
609,0 0,6000000000000001 0,15000000000000002 40,890142587559986
610,0 0,65 0,15000000000000002 39,44926386742943
611,0 0,7000000000000001 0,15000000000000002 38,08369225956046
612,0 0,75 0,15000000000000002 36,79142451667651
613,0 0,8 0,15000000000000002 35,57036830006934
614,0 0,8500000000000001 0,15000000000000002 34,41835294955049
615,0 0,9 0,15000000000000002 33,33314039763652
616,0 0,9500000000000001 0,15000000000000002 32,31243613789401
617,0 1,0 0,15000000000000002 31,353900159665766
618,0 1,05 0,15000000000000002 30,45515776465175
619,0 1,1 0,15000000000000002 29,61381018495166
620,0 1,1500000000000001 0,15000000000000002 28,827444927103578
621,0 1,2000000000000002 0,15000000000000002 28,09364577227616
622,0 1,25 0,15000000000000002 27,410002368989016
623,0 1,3 0,15000000000000002 26,77411936143536
624,0 1,35 0,15000000000000002 26,183625003553328
625,0 1,4000000000000001 0,15000000000000002 25,636179216322066
626,0 1,4500000000000002 0,15000000000000002 25,12948105323621
627,0 1,5 0,15000000000000002 24,66127554642741
628,0 1,55 0,15000000000000002 24,229359913351022
629,0 1,6 0,15000000000000002 23,831589111241733
630,0 1,6500000000000001 0,15000000000000002 23,46588073357451
631,0 1,7000000000000002 0,15000000000000002 23,130219249465224
632,0 1,75 0,15000000000000002 22,822659593237734
633,0 1,8 0,15000000000000002 22,54133011721045
634,0 1,85 0,15000000000000002 22,28443492606509
635,0 1,9000000000000001 0,15000000000000002 22,05025561591529
636,0 1,9500000000000002 0,15000000000000002 21,837152445364758
637,0 2,0 0,15000000000000002 21,643564969417003
638,0 2,0500000000000003 0,15000000000000002 21,468012170064792
639,0 2,1 0,15000000000000002 21,309092119750407
640,0 2,15 0,15000000000000002 21,165481215660115
641,0 2,2 0,15000000000000002 21,03593302401784
642,0 2,25 0,15000000000000002 20,91927677420179
643,0 2,3000000000000003 0,15000000000000002 20,814415542657652
644,0 2,35 0,15000000000000002 20,720324166261207
645,0 2,4000000000000004 0,15000000000000002 20,636046924035128
646,0 2,45 0,15000000000000002 20,56069502499522
647,0 2,5 0,15000000000000002 20,493443938437707
648,0 2,5500000000000003 0,15000000000000002 20,43353060123091
649,0 2,6 0,15000000000000002 20,380250534689367
650,0 2,6500000000000004 0,15000000000000002 20,332954901435482
651,0 2,7 0,15000000000000002 20,291047530338247
652,0 2,75 0,15000000000000002 20,25398193520536
653,0 2,8000000000000003 0,15000000000000002 20,2212583504357
654,0 2,85 0,15000000000000002 20,192420804350963
655,0 2,9000000000000004 0,15000000000000002 20,16705424845466
656,0 2,95 0,15000000000000002 20,144781758442672
657,0 3,0 0,15000000000000002 20,125261820440894
658,0 3,0500000000000003 0,15000000000000002 20,10818571369431
659,0 3,1 0,15000000000000002 20,0932749987975
660,0 3,1500000000000004 0,15000000000000002 20,080279118554905
661,0 3,2 0,15000000000000002 20,068973116700953
662,0 3,25 0,15000000000000002 20,05915547800463
663,0 3,3000000000000003 0,15000000000000002 20,050646091734187
664,0 3,35 0,15000000000000002 20,043284339068396
665,0 3,4000000000000004 0,15000000000000002 20,036927303809943
666,0 3,45 0,15000000000000002 20,031448104681527
667,0 3,5 0,15000000000000002 20,02673434656108
668,0 3,5500000000000003 0,15000000000000002 20,02268668723278
669,0 3,6 0,15000000000000002 20,019217515587375
670,0 3,6500000000000004 0,15000000000000002 20,016249736689637
671,0 3,7 0,15000000000000002 20,013715658733194
672,0 3,75 0,15000000000000002 20,011555976612893
673,0 3,8000000000000003 0,15000000000000002 20,00971884665244
674,0 3,85 0,15000000000000002 20,008159046918966
675,0 3,9000000000000004 0,15000000000000002 20,006837217526897
676,0 3,95 0,15000000000000002 20,005719175370306
677,0 4,0 0,15000000000000002 20,004775297816323
678,0 4,05 0,15000000000000002 20,003979970033036
679,0 4,1000000000000005 0,15000000000000002 20,003311090804992
680,0 4,15 0,15000000000000002 20,002749631899825
681,0 4,2 0,15000000000000002 20,00227924628385
682,0 4,25 0,15000000000000002 20,00188592073544
683,0 4,3 0,15000000000000002 20,00155766866742
684,0 4,3500000000000005 0,15000000000000002 20,00128425923826
685,0 4,4 0,15000000000000002 20,001056979101644
686,0 4,45 0,15000000000000002 20,000868423411923
687,0 4,5 0,15000000000000002 20,000712312965046
688,0 4,55 0,15000000000000002 20,000583334608976
689,0 4,6000000000000005 0,15000000000000002 20,000477002301253
690,0 4,65 0,15000000000000002 20,000389536424304
691,0 4,7 0,15000000000000002 20,00031775918909
692,0 4,75 0,15000000000000002 20,0002590041669
693,0 4,800000000000001 0,15000000000000002 20,00021103818985
694,0 4,8500000000000005 0,15000000000000002 20,000171994054146
695,0 4,9 0,15000000000000002 20,00014031247035
696,0 4,95 0,15000000000000002 20,000114686553076
697,0 0,025 0,17500000000000002 63,39210591307753
698,0 0,07500000000000001 0,17500000000000002 60,98121197945052
699,0 0,125 0,17500000000000002 58,659246432703554
700,0 0,17500000000000002 0,17500000000000002 56,42585497568436
701,0 0,225 0,17500000000000002 54,280508806682874
702,0 0,275 0,17500000000000002 52,222507762816875
703,0 0,32500000000000007 0,17500000000000002 50,250984462590274
704,0 0,37500000000000006 0,17500000000000002 48,36490940681664
705,0 0,42500000000000004 0,17500000000000002 46,56309698796604
706,0 0,47500000000000003 0,17500000000000002 44,84421234954297
707,0 0,525 0,17500000000000002 43,20677902944623
708,0 0,5750000000000001 0,17500000000000002 41,649187314493446
709,0 0,6250000000000001 0,17500000000000002 40,16970322749472
710,0 0,675 0,17500000000000002 38,76647806349496
711,0 0,7250000000000001 0,17500000000000002 37,4375583881185
712,0 0,775 0,17500000000000002 36,18089640837293
713,0 0,8250000000000001 0,17500000000000002 34,99436062480992
714,0 0,8750000000000001 0,17500000000000002 33,875746673593504
715,0 0,925 0,17500000000000002 32,82278826776527
716,0 0,9750000000000001 0,17500000000000002 31,833168148779887
717,0 1,025 0,17500000000000002 30,90452896215876
718,0 1,075 0,17500000000000002 30,03448397480171
719,0 1,125 0,17500000000000002 29,220627556027633
720,0 1,175 0,17500000000000002 28,460545349689877
721,0 1,225 0,17500000000000002 27,751824070632594
722,0 1,275 0,17500000000000002 27,0920608652122
723,0 1,325 0,17500000000000002 26,478872182494356
724,0 1,375 0,17500000000000002 25,909902109937704
725,0 1,425 0,17500000000000002 25,382830134779145
726,0 1,475 0,17500000000000002 24,895378299831812
727,0 1,525 0,17500000000000002 24,445317729889226
728,0 1,575 0,17500000000000002 24,03047451229639
729,0 1,625 0,17500000000000002 23,64873492240813
730,0 1,675 0,17500000000000002 23,298049991519875
731,0 1,725 0,17500000000000002 22,976439421351483
732,0 1,775 0,17500000000000002 22,681994855224097
733,0 1,825 0,17500000000000002 22,41288252163778
734,0 1,875 0,17500000000000002 22,167345270990197
735,0 1,925 0,17500000000000002 21,94370403064003
736,0 1,975 0,17500000000000002 21,740358707390882
737,0 2,025 0,17500000000000002 21,555788569740898
738,0 2,075 0,17500000000000002 21,3885521449076
739,0 2,125 0,17500000000000002 21,237286667705263
740,0 2,175 0,17500000000000002 21,100707119838976
741,0 2,225 0,17500000000000002 20,977604899109814
742,0 2,275 0,17500000000000002 20,86684615842972
743,0 2,325 0,17500000000000002 20,76736985445943
744,0 2,375 0,17500000000000002 20,67818554514817
745,0 2,4250000000000003 0,17500000000000002 20,598370974515174
746,0 2,475 0,17500000000000002 20,527069481716463
747,0 2,525 0,17500000000000002 20,46348726983431
748,0 2,575 0,17500000000000002 20,40689056796014
749,0 2,625 0,17500000000000002 20,356602718062426
750,0 2,6750000000000003 0,17500000000000002 20,312001215886866
751,0 2,725 0,17500000000000002 20,272514732771807
752,0 2,775 0,17500000000000002 20,237620142820532
753,0 2,825 0,17500000000000002 20,206839577393335
754,0 2,875 0,17500000000000002 20,179737526402814
755,0 2,9250000000000003 0,17500000000000002 20,15591800344867
756,0 2,975 0,17500000000000002 20,135021789441783
757,0 3,025 0,17500000000000002 20,1167237670676
758,0 3,075 0,17500000000000002 20,100730356245908
759,0 3,125 0,17500000000000002 20,086777058676205
760,0 3,1750000000000003 0,17500000000000002 20,07462611762793
761,0 3,225 0,17500000000000002 20,064064297352793
762,0 3,275 0,17500000000000002 20,05490078486941
763,0 3,325 0,17500000000000002 20,046965215401293
764,0 3,375 0,17500000000000002 20,04010582143917
765,0 3,4250000000000003 0,17500000000000002 20,03418770424574
766,0 3,475 0,17500000000000002 20,029091225621308
767,0 3,525 0,17500000000000002 20,02471051689693
768,0 3,575 0,17500000000000002 20,020952101410078
769,0 3,625 0,17500000000000002 20,017733626138508
770,0 3,6750000000000003 0,17500000000000002 20,014982697711417
771,0 3,725 0,17500000000000002 20,012635817673043
772,0 3,775 0,17500000000000002 20,01063741163267
773,0 3,825 0,17500000000000002 20,008938946785705
774,0 3,875 0,17500000000000002 20,00749813222293
775,0 3,9250000000000003 0,17500000000000002 20,0062781964486
776,0 3,975 0,17500000000000002 20,00524723659332
777,0 4,025 0,17500000000000002 20,00437763392468
778,0 4,075 0,17500000000000002 20,00364553041902
779,0 4,125000000000001 0,17500000000000002 20,003030361352415
780,0 4,175000000000001 0,17500000000000002 20,002514439091847
781,0 4,2250000000000005 0,17500000000000002 20,00208258350967
782,0 4,275 0,17500000000000002 20,001721794701478
783,0 4,325 0,17500000000000002 20,001420963952953
784,0 4,375000000000001 0,17500000000000002 20,001170619170196
785,0 4,425000000000001 0,17500000000000002 20,00096270125734
786,0 4,4750000000000005 0,17500000000000002 20,000790368189758
787,0 4,525 0,17500000000000002 20,000647823789937
788,0 4,575 0,17500000000000002 20,000530168461825
789,0 4,625000000000001 0,17500000000000002 20,000433269378163
790,0 4,675000000000001 0,17500000000000002 20,00035364784199
791,0 4,7250000000000005 0,17500000000000002 20,000288381758942
792,0 4,775 0,17500000000000002 20,00023502136425
793,0 4,825000000000001 0,17500000000000002 20,000191516554743
794,0 4,875000000000001 0,17500000000000002 20,000156154422054
795,0 4,925000000000001 0,17500000000000002 20,00012750645066
796,0 0,0 0,2 64,64210591307754
797,0 0,05 0,2 62,18665894626404
798,0 0,1 0,2 59,82022920607703
799,0 0,15000000000000002 0,2 57,54255070419396
800,0 0,2 0,2 55,35318189118362
801,0 0,25 0,2 53,25150828474988
802,0 0,30000000000000004 0,2 51,236746112703585
803,0 0,35000000000000003 0,2 49,307946934703466
804,0 0,4 0,2 47,46400319739135
805,0 0,45 0,2 45,70365466875451
806,0 0,5 0,2 44,025495689494605
807,0 0,55 0,2 42,42798317196985
808,0 0,6000000000000001 0,2 40,9094452709941
809,0 0,65 0,2 39,46809064549484
810,0 0,7000000000000001 0,2 38,10201822580674
811,0 0,75 0,2 36,80922739824571
812,0 0,8 0,2 35,58762851659143
813,0 0,8500000000000001 0,2 34,43505364920173
814,0 0,9 0,2 33,349267470679386
815,0 0,9500000000000001 0,2 32,327978208272576
816,0 1,0 0,2 31,368848555469324
817,0 1,05 0,2 30,46950646848024
818,0 1,1 0,2 29,627555765414673
819,0 1,1500000000000001 0,2 28,84058645285876
820,0 1,2000000000000002 0,2 28,10618471016124
821,0 1,25 0,2 27,421942467922406
822,0 1,3 0,2 26,78546652385328
823,0 1,35 0,2 26,194387146216037
824,0 1,4000000000000001 0,2 25,64636612235843
825,0 1,4500000000000002 0,2 25,139104217305473
826,0 1,5 0,2 24,67034801486052
827,0 1,55 0,2 24,237896121092813
828,0 1,6 0,2 23,839604717352262
829,0 1,6500000000000001 0,2 23,473392456964007
830,0 1,7000000000000002 0,2 23,13724470643568
831,0 1,75 0,2 22,829217138287795
832,0 1,8 0,2 22,547438688430944
833,0 1,85 0,2 22,290113896313994
834,0 1,9000000000000001 0,2 22,05552465081512
835,0 1,9500000000000002 0,2 21,842031369015455
836,0 2,0 0,2 21,64807363856589
837,0 2,0500000000000003 0,2 21,472170357324245
838,0 2,1 0,2 21,31291940630643
839,0 2,15 0,2 21,168996893772118
840,0 2,2 0,2 21,039156009474393
841,0 2,25 0,2 20,922225528769765
842,0 2,3000000000000003 0,2 20,817108006444574
843,0 2,35 0,2 20,7227776998038
844,0 2,4000000000000004 0,2 20,638278259831672
845,0 2,45 0,2 20,562720228115822
846,0 2,5 0,2 20,495278375775385
847,0 2,5500000000000003 0,2 20,435188918897225
848,0 2,6 0,2 20,381746643011283
849,0 2,6500000000000004 0,2 20,334301966974646
850,0 2,7 0,2 20,29225797432934
851,0 2,75 0,2 20,255067437796168
852,0 2,8000000000000003 0,2 20,222229860106932
853,0 2,85 0,2 20,193288551898075
854,0 2,9000000000000004 0,2 20,167827764925743
855,0 2,95 0,2 20,14546989644523
856,0 3,0 0,2 20,125872778254692
857,0 3,0500000000000003 0,2 20,10872706165675
858,0 3,1 0,2 20,093753707461055
859,0 3,1500000000000004 0,2 20,080701588152063
860,0 3,2 0,2 20,069345207490365
861,0 3,25 0,2 20,059482541111098
862,0 3,3000000000000003 0,2 20,050933000135352
863,0 3,35 0,2 20,04353551842023
864,0 3,4000000000000004 0,2 20,03714676284245
865,0 3,45 0,2 20,031639464933523
866,0 3,5 0,2 20,02690087125912
867,0 3,5500000000000003 0,2 20,0228313091535
868,0 3,6 0,2 20,01934286377429
869,0 3,6500000000000004 0,2 20,01635816192496
870,0 3,7 0,2 20,01380925769223
871,0 3,75 0,2 20,011636614652854
872,0 3,8000000000000003 0,2 20,009788179209185
873,0 3,85 0,2 20,008218539504316
874,0 3,9000000000000004 0,2 20,006888164335763
875,0 3,95 0,2 20,005762716520962
876,0 4,0 0,2 20,004812435259
877,0 4,05 0,2 20,004011582171852
878,0 4,1000000000000005 0,2 20,003337945885722
879,0 4,15 0,2 20,00277240022213
880,0 4,2 0,2 20,002298511300758
881,0 4,25 0,2 20,001902189105575
882,0 4,3 0,2 20,001571379327217
883,0 4,3500000000000005 0,2 20,001295791561578
884,0 4,4 0,2 20,00106666021377
885,0 4,45 0,2 20,00087653472355
886,0 4,5 0,2 20,00071909598985
887,0 4,55 0,2 20,00058899612588
888,0 4,6000000000000005 0,2 20,00048171892
889,0 4,65 0,2 20,000393458610077
890,0 4,7 0,2 20,000321014800466
891,0 4,75 0,2 20,000261701561595
892,0 4,800000000000001 0,2 20,000213268959502
893,0 4,8500000000000005 0,2 20,000173835488397
894,0 4,9 0,2 20,00014183043636
895,0 4,95 0,2 20,00011595334271
