896
0,0 0,0 0,0 279,29765412228215
1,0 0,05 0,0 276,7977342466467
2,0 0,1 0,0 274,29797460145915
3,0 0,15000000000000002 0,0 271,7983751318795
4,0 0,2 0,0 269,29893574652164
5,0 0,25 0,0 266,7996563174749
6,0 0,30000000000000004 0,0 264,30053668033224
7,0 0,35000000000000003 0,0 261,801576634228
8,0 0,4 0,0 259,30277594188414
9,0 0,45 0,0 256,8041343296641
10,0 0,5 0,0 254,30565148763512
11,0 0,55 0,0 251,8073270696395
12,0 0,6000000000000001 0,0 249,30916069337283
13,0 0,65 0,0 246,81115194047158
14,0 0,7000000000000001 0,0 244,3133003566086
15,0 0,75 0,0 241,8156054515967
16,0 0,8 0,0 239,31806669950058
17,0 0,8500000000000001 0,0 236,8206835387565
18,0 0,9 0,0 234,323455372301
19,0 0,9500000000000001 0,0 231,82638156770656
20,0 1,0 0,0 229,32946145732635
21,0 1,05 0,0 226,83269433844603
22,0 1,1 0,0 224,3360794734445
23,0 1,1500000000000001 0,0 221,83961608996216
24,0 1,2000000000000002 0,0 219,34330338107708
25,0 1,25 0,0 216,84714050548914
26,0 1,3 0,0 214,35112658771197
27,0 1,35 0,0 211,85526071827235
28,0 1,4000000000000001 0,0 209,35954195391832
29,0 1,4500000000000002 0,0 206,86396931783415
30,0 1,5 0,0 204,36854179986304
31,0 1,55 0,0 201,87325835673767
32,0 1,6 0,0 199,3781179123185
33,0 1,6500000000000001 0,0 196,88311935783895
34,0 1,7000000000000002 0,0 194,38826155215853
35,0 1,75 0,0 191,89354332202342
36,0 1,8 0,0 189,39896346233368
37,0 1,85 0,0 186,90452073641856
38,0 1,9000000000000001 0,0 184,41021387631852
39,0 1,9500000000000002 0,0 181,91604158307464
40,0 2,0 0,0 179,4220025270251
41,0 2,0500000000000003 0,0 176,92809534810823
42,0 2,1 0,0 174,4343186561731
43,0 2,15 0,0 171,94067103129623
44,0 2,2 0,0 169,44715102410643
45,0 2,25 0,0 166,95375715611468
46,0 2,3000000000000003 0,0 164,46048792005183
47,0 2,35 0,0 161,96734178021256
48,0 2,4000000000000004 0,0 159,47431717280548
49,0 2,45 0,0 156,98141250631028
50,0 2,5 0,0 154,48862616184041
51,0 2,5500000000000003 0,0 151,99595649351298
52,0 2,6 0,0 149,50340182882397
53,0 2,6500000000000004 0,0 147,0109604690298
54,0 2,7 0,0 144,51863068953512
55,0 2,75 0,0 142,026410740286
56,0 2,8000000000000003 0,0 139,53429884616952
57,0 2,85 0,0 137,04229320741877
58,0 2,9000000000000004 0,0 134,5503920000232
59,0 2,95 0,0 132,0585933761451
60,0 3,0 0,0 129,56689546454098
61,0 3,0500000000000003 0,0 127,07529637098875
62,0 3,1 0,0 124,58379417871973
63,0 3,1500000000000004 0,0 122,09238694885605
64,0 3,2 0,0 119,60107272085298
65,0 3,25 0,0 117,10984951294631
66,0 3,3000000000000003 0,0 114,61871532260449
67,0 3,35 0,0 112,1276681269856
68,0 3,4000000000000004 0,0 109,63670588339863
69,0 3,45 0,0 107,14582652976995
70,0 3,5 0,0 104,65502798511342
71,0 3,5500000000000003 0,0 102,16430815000544
72,0 3,6 0,0 99,67366490706384
73,0 3,6500000000000004 0,0 97,18309612143105
74,0 3,7 0,0 94,6925996412612
75,0 3,75 0,0 92,20217329821087
76,0 3,8000000000000003 0,0 89,71181490793421
77,0 3,85 0,0 87,22152227058105
78,0 3,9000000000000004 0,0 84,73129317129886
79,0 3,95 0,0 82,24112538073814
80,0 4,0 0,0 79,75101665556107
81,0 4,05 0,0 77,26096473895336
82,0 4,1000000000000005 0,0 74,77096736113918
83,0 4,15 0,0 72,28102223989896
84,0 4,2 0,0 69,79112708109018
85,0 4,25 0,0 67,30127957917068
86,0 4,3 0,0 64,81147741772456
87,0 4,3500000000000005 0,0 62,32171826999075
88,0 4,4 0,0 59,83199979939335
89,0 4,45 0,0 57,342319660073926
90,0 4,5 0,0 54,85267549742478
91,0 4,55 0,0 52,36306494862173
92,0 4,6000000000000005 0,0 49,87348564315351
93,0 4,65 0,0 47,383935203340876
94,0 4,7 0,0 44,89441124482987
95,0 4,75 0,0 42,404911377025954
96,0 4,800000000000001 0,0 39,91543320339224
97,0 4,8500000000000005 0,0 37,42597432141218
98,0 4,9 0,0 34,93653232106321
99,0 4,95 0,0 32,44710476135366
100,0 0,025 0,025 278,04769418446443
101,0 0,07500000000000001 0,025 275,5478544240529
102,0 0,125 0,025 273,0481748666693
103,0 0,17500000000000002 0,025 270,5486554392005
104,0 0,225 0,025 268,0492960319982
105,0 0,275 0,025 265,55009649890354
106,0 0,32500000000000007 0,025 263,0510566572802
107,0 0,37500000000000006 0,025 260,55217628805616
108,0 0,42500000000000004 0,025 258,0534551357742
109,0 0,47500000000000003 0,025 255,55489290864963
110,0 0,525 0,025 253,05648927863732
111,0 0,5750000000000001 0,025 250,55824388150614
112,0 0,6250000000000001 0,025 248,0601563169222
113,0 0,675 0,025 245,56222614854005
114,0 0,7250000000000001 0,025 243,06445290410267
115,0 0,775 0,025 240,56683607554862
116,0 0,8250000000000001 0,025 238,06937511912858
117,0 0,8750000000000001 0,025 235,57206945552872
118,0 0,925 0,025 233,0749184700038
119,0 0,9750000000000001 0,025 230,57792151251644
120,0 1,025 0,025 228,0810778978862
121,0 1,075 0,025 225,5843869059453
122,0 1,125 0,025 223,08784778170335
123,0 1,175 0,025 220,59145973551963
124,0 1,225 0,025 218,09522194328312
125,0 1,275 0,025 215,59913354660057
126,0 1,325 0,025 213,10319365299222
127,0 1,375 0,025 210,60740133609534
128,0 1,425 0,025 208,11175563587622
129,0 1,475 0,025 205,6162555588486
130,0 1,525 0,025 203,12090007830034
131,0 1,575 0,025 200,6256881345281
132,0 1,625 0,025 198,13061863507872
133,0 1,675 0,025 195,63569045499878
134,0 1,725 0,025 193,14090243709097
135,0 1,775 0,025 190,64625339217855
136,0 1,825 0,025 188,15174209937615
137,0 1,875 0,025 185,65736730636854
138,0 1,925 0,025 183,1631277296966
139,0 1,975 0,025 180,6690220550499
140,0 2,025 0,025 178,17504893756671
141,0 2,075 0,025 175,6812070021407
142,0 2,125 0,025 173,18749484373467
143,0 2,175 0,025 170,69391102770138
144,0 2,225 0,025 168,20045409011055
145,0 2,275 0,025 165,70712253808327
146,0 2,325 0,025 163,21391485013223
147,0 2,375 0,025 160,72082947650907
148,0 2,4250000000000003 0,025 158,22786483955792
149,0 2,475 0,025 155,73501933407536
150,0 2,525 0,025 153,24229132767672
151,0 2,575 0,025 150,74967916116847
152,0 2,625 0,025 148,25718114892692
153,0 2,6750000000000003 0,025 145,76479557928246
154,0 2,725 0,025 143,27252071491057
155,0 2,775 0,025 140,78035479322776
156,0 2,825 0,025 138,28829602679417
157,0 2,875 0,025 135,79634260372103
158,0 2,9250000000000003 0,025 133,30449268808417
159,0 2,975 0,025 130,81274442034305
160,0 3,025 0,025 128,3210959177649
161,0 3,075 0,025 125,82954527485427
162,0 3,125 0,025 123,33809056378792
163,0 3,1750000000000003 0,025 120,84672983485453
164,0 3,225 0,025 118,35546111689968
165,0 3,275 0,025 115,86428241777544
166,0 3,325 0,025 113,37319172479506
167,0 3,375 0,025 110,88218700519215
168,0 3,4250000000000003 0,025 108,3912662065843
169,0 3,475 0,025 105,9004272574417
170,0 3,525 0,025 103,40966806755947
171,0 3,575 0,025 100,91898652853466
172,0 3,625 0,025 98,42838051424746
173,0 3,6750000000000003 0,025 95,93784788134614
174,0 3,725 0,025 93,44738646973605
175,0 3,775 0,025 90,95699410307256
176,0 3,825 0,025 88,46666858925765
177,0 3,875 0,025 85,97640772093999
178,0 3,9250000000000003 0,025 83,48620927601851
179,0 3,975 0,025 80,99607101814962
180,0 4,025 0,025 78,50599069725718
181,0 4,075 0,025 76,01596605004627
182,0 4,125000000000001 0,025 73,52599480051906
183,0 4,175000000000001 0,025 71,03607466049458
184,0 4,2250000000000005 0,025 68,54620333013047
185,0 4,275 0,025 66,05637849844776
186,0 4,325 0,025 63,566597843858005
187,0 4,375000000000001 0,025 61,07685903469281
188,0 4,425000000000001 0,025 58,58715972973539
189,0 4,4750000000000005 0,025 56,0974975787533
190,0 4,525 0,025 53,60787022303212
191,0 4,575 0,025 51,11827529590755
192,0 4,625000000000001 0,025 48,628710423291814
193,0 4,675000000000001 0,025 46,139173224185335
194,0 4,7250000000000005 0,025 43,64966131115184
195,0 4,775 0,025 41,16017229071127
196,0 4,825000000000001 0,025 38,67070376354327
197,0 4,875000000000001 0,025 36,18125332420917
198,0 4,925000000000001 0,025 33,69181855837753
199,0 0,0 0,05 279,2976941844645
200,0 0,05 0,05 276,79777430425867
201,0 0,1 0,05 274,2980146453611
202,0 0,15000000000000002 0,05 271,79841515293487
203,0 0,2 0,05 269,2989757355993
204,0 0,25 0,05 266,79969626545085
205,0 0,30000000000000004 0,05 264,30057657809186
206,0 0,35000000000000003 0,05 261,8016164726682
207,0 0,4 0,05 259,3028157119152
208,0 0,45 0,05 256,80417402221195
209,0 0,5 0,05 254,30569109364347
210,0 0,55 0,05 251,80736658007174
211,0 0,6000000000000001 0,05 249,30920009921417
212,0 0,65 0,05 246,81119123273112
213,0 0,7000000000000001 0,05 244,31333952632133
214,0 0,75 0,05 241,81564448982564
215,0 0,8 0,05 239,3181055973386
216,0 0,8500000000000001 0,05 236,82072228732866
217,0 0,9 0,05 234,3234939627663
218,0 0,9500000000000001 0,05 231,82641999126014
219,0 1,0 0,05 229,3294997052013
220,0 1,05 0,05 226,8327324019157
221,0 1,1 0,05 224,3361173438243
222,0 1,1500000000000001 0,05 221,8396537586115
223,0 1,2000000000000002 0,05 219,34334083940135
224,0 1,25 0,05 216,84717774494183
225,0 1,3 0,05 214,35116359979634
226,0 1,35 0,05 211,85529749454378
227,0 1,4000000000000001 0,05 209,3595784859858
228,0 1,4500000000000002 0,05 206,86400559736236
229,0 1,5 0,05 204,36857781857444
230,0 1,55 0,05 201,8732941064142
231,0 1,6 0,05 199,37815338480337
232,0 1,6500000000000001 0,05 196,8831545450387
233,0 1,7000000000000002 0,05 194,38829644604485
234,0 1,75 0,05 191,89357791463473
235,0 1,8 0,05 189,39899774577734
236,0 1,85 0,05 186,9045547028723
237,0 1,9000000000000001 0,05 184,41024751803255
238,0 1,9500000000000002 0,05 181,91607489237325
239,0 2,0 0,05 179,4220354963083
240,0 2,0500000000000003 0,05 176,9281279698537
241,0 2,1 0,05 174,4343509229377
242,0 2,15 0,05 171,94070293571804
243,0 2,2 0,05 169,447182558906
244,0 2,25 0,05 166,9537883140969
245,0 2,3000000000000003 0,05 164,46051869410775
246,0 2,35 0,05 161,96737216332065
247,0 2,4000000000000004 0,05 159,47434715803348
248,0 2,45 0,05 156,98144208681666
249,0 2,5 0,05 154,48865533087607
250,0 2,5500000000000003 0,05 151,99598524442263
251,0 2,6 0,05 149,5034301550477
252,0 2,6500000000000004 0,05 147,01098836410472
253,0 2,7 0,05 144,51865814709655
254,0 2,75 0,05 142,02643775406915
255,0 2,8000000000000003 0,05 139,534325410011
256,0 2,85 0,05 137,04231931525763
257,0 2,9000000000000004 0,05 134,5504176459026
258,0 2,95 0,05 132,0586185542136
259,0 3,0 0,05 129,56692016905396
260,0 3,0500000000000003 0,05 127,07532059630957
261,0 3,1 0,05 124,58381791932109
262,0 3,1500000000000004 0,05 122,09241019932125
263,0 3,2 0,05 119,60109547587713
264,0 3,25 0,05 117,10987176733754
265,0 3,3000000000000003 0,05 114,61873707128527
266,0 3,35 0,05 112,12768936499361
267,0 3,4000000000000004 0,05 109,63672660588823
268,0 3,45 0,05 107,14584673201303
269,0 3,5 0,05 104,65504766250059
270,0 3,5500000000000003 0,05 102,16432729804706
271,0 3,6 0,05 99,67368352139106
272,0 3,6500000000000004 0,05 97,18311419779681
273,0 3,7 0,05 94,69261717554112
274,0 3,75 0,05 92,20219028640432
275,0 3,8000000000000003 0,05 89,7118313461651
276,0 3,85 0,05 87,22153815509883
277,0 3,9000000000000004 0,05 84,73130849847927
278,0 3,95 0,05 82,24114014708407
279,0 4,0 0,05 79,75103085770343
280,0 4,05 0,05 77,26097837365175
281,0 4,1000000000000005 0,05 74,77098042528269
282,0 4,15 0,05 72,28103473050689
283,0 4,2 0,05 69,79113899531264
284,0 4,25 0,05 67,30129091428934
285,0 4,3 0,05 64,81148817115334
286,0 4,3500000000000005 0,05 62,321728439276384
287,0 4,4 0,05 59,83200938221631
288,0 4,45 0,05 57,342328654249286
289,0 4,5 0,05 54,85268390090374
290,0 4,55 0,05 52,36307275949448
291,0 4,6000000000000005 0,05 49,8734928596548
292,0 4,65 0,05 47,38394182386205
293,0 4,7 0,05 44,894417267945094
294,0 4,75 0,05 42,40491680155085
295,0 4,800000000000001 0,05 39,91543802851661
296,0 4,8500000000000005 0,05 37,425978547051
297,0 4,9 0,05 34,93653595000395
298,0 4,95 0,05 32,447107838488165
299,0 0,025 0,07500000000000001 278,04773424436166
300,0 0,07500000000000001 0,07500000000000001 275,54789447481
301,0 0,125 0,07500000000000001 273,04821489914804
302,0 0,17500000000000002 0,07500000000000001 270,54869544426714
303,0 0,225 0,07500000000000001 268,04933600052516
304,0 0,275 0,07500000000000001 265,55013642177147
305,0 0,32500000000000007 0,07500000000000001 263,05109652538016
306,0 0,37500000000000006 0,07500000000000001 260,5522160922918
307,0 0,42500000000000004 0,07500000000000001 258,05349486706365
308,0 0,47500000000000003 0,07500000000000001 255,55493255792783
309,0 0,525 0,07500000000000001 253,05652883685772
310,0 0,5750000000000001 0,07500000000000001 250,55828333964305
311,0 0,6250000000000001 0,07500000000000001 248,0601956659727
312,0 0,675 0,07500000000000001 245,5622653795263
313,0 0,7250000000000001 0,07500000000000001 243,06449200807356
314,0 0,775 0,07500000000000001 240,5668750435822
315,0 0,8250000000000001 0,07500000000000001 238,06941394233374
316,0 0,8750000000000001 0,07500000000000001 235,57210812504755
317,0 0,925 0,07500000000000001 233,07495697701336
318,0 0,9750000000000001 0,07500000000000001 230,57795984823085
319,0 1,025 0,07500000000000001 228,08111605355853
320,0 1,075 0,07500000000000001 225,58442487287002
321,0 1,125 0,07500000000000001 223,0878855512179
322,0 1,175 0,07500000000000001 220,59149729900645
323,0 1,225 0,07500000000000001 218,09525929217162
324,0 1,275 0,07500000000000001 215,59917067236907
325,0 1,325 0,07500000000000001 213,10323054717006
326,0 1,375 0,07500000000000001 210,60743799026477
327,0 1,425 0,07500000000000001 208,11179204167405
328,0 1,475 0,07500000000000001 205,61629170796846
329,0 1,525 0,07500000000000001 203,1209359624943
330,0 1,575 0,07500000000000001 200,62572374560878
331,0 1,625 0,07500000000000001 198,130653964921
332,0 1,675 0,07500000000000001 195,63572549554178
333,0 1,725 0,07500000000000001 193,14093718033985
334,0 1,775 0,07500000000000001 190,646287830206
335,0 1,825 0,07500000000000001 188,1517762243248
336,0 1,875 0,07500000000000001 185,6574011104524
337,0 1,925 0,07500000000000001 183,1631612052029
338,0 1,975 0,07500000000000001 180,6690551943408
339,0 2,025 0,07500000000000001 178,17508173308107
340,0 2,075 0,07500000000000001 175,68123944639578
341,0 2,125 0,07500000000000001 173,18752692932793
342,0 2,175 0,07500000000000001 170,69394274731206
343,0 2,225 0,07500000000000001 168,20048543650148
344,0 2,275 0,07500000000000001 165,7071535041024
345,0 2,325 0,07500000000000001 163,21394542871425
346,0 2,375 0,07500000000000001 160,72085966067712
347,0 2,4250000000000003 0,07500000000000001 158,2278946224251
348,0 2,475 0,07500000000000001 155,7350487088464
349,0 2,525 0,07500000000000001 153,24232028764936
350,0 2,575 0,07500000000000001 150,7497076997352
351,0 2,625 0,07500000000000001 148,25720925957626
352,0 2,6750000000000003 0,07500000000000001 145,76482325560067
353,0 2,725 0,07500000000000001 143,2725479505829
354,0 2,775 0,07500000000000001 140,78038158204012
355,0 2,825 0,07500000000000001 138,28832236263435
356,0 2,875 0,07500000000000001 135,79636848058016
357,0 2,9250000000000003 0,07500000000000001 133,30451810005815
358,0 2,975 0,07500000000000001 130,81276936163383
359,0 3,025 0,07500000000000001 128,32112038268178
360,0 3,075 0,07500000000000001 125,82956925781536
361,0 3,125 0,07500000000000001 123,33811405932123
362,0 3,1750000000000003 0,07500000000000001 120,84675283759924
363,0 3,225 0,07500000000000001 118,35548362160739
364,0 3,275 0,07500000000000001 115,86430441931145
365,0 3,325 0,07500000000000001 113,37321321813948
366,0 3,375 0,07500000000000001 110,88220798544097
367,0 3,4250000000000003 0,07500000000000001 108,39128666895067
368,0 3,475 0,07500000000000001 105,90044719725684
369,0 3,525 0,07500000000000001 103,40968748027386
370,0 3,575 0,07500000000000001 100,91900540971908
371,0 3,625 0,07500000000000001 98,42839885959398
372,0 3,6750000000000003 0,07500000000000001 95,937865686669
373,0 3,725 0,07500000000000001 93,44740373097274
374,0 3,775 0,07500000000000001 90,95701081628475
375,0 3,825 0,07500000000000001 88,466684750632
376,0 3,875 0,07500000000000001 85,97642332678909
377,0 3,9250000000000003 0,07500000000000001 83,4862243227817
378,0 3,975 0,07500000000000001 80,99608550239377
379,0 4,025 0,07500000000000001 78,50600461567757
380,0 4,075 0,07500000000000001 76,01597939946724
381,0 4,125000000000001 0,07500000000000001 73,52600757789479
382,0 4,175000000000001 0,07500000000000001 71,03608686290981
383,0 4,2250000000000005 0,07500000000000001 68,54621495480113
384,0 4,275 0,07500000000000001 66,05638954272169
385,0 4,325 0,07500000000000001 63,56660830521572
386,0 4,375000000000001 0,07500000000000001 61,07686891074825
387,0 4,425000000000001 0,07500000000000001 58,58716901823707
388,0 4,4750000000000005 0,07500000000000001 56,097506277586085
389,0 4,525 0,07500000000000001 53,60787833022057
390,0 4,575 0,07500000000000001 51,11828280962277
391,0 4,625000000000001 0,07500000000000001 48,628717341866185
392,0 4,675000000000001 0,07500000000000001 46,13917954614492
393,0 4,7250000000000005 0,07500000000000001 43,649667035288495
394,0 4,775 0,07500000000000001 41,16017741624401
395,0 4,825000000000001 0,07500000000000001 38,67070829048737
396,0 4,875000000000001 0,07500000000000001 36,1812572544098
397,0 4,925000000000001 0,07500000000000001 33,69182190306454
398,0 0,0 0,1 279,2977342443618
399,0 0,05 0,1 276,79781435958597
400,0 0,1 0,1 274,298054686979
401,0 0,15000000000000002 0,1 271,79845517170764
402,0 0,2 0,1 269,2990157223962
403,0 0,25 0,1 266,79973621114834
404,0 0,30000000000000004 0,1 264,30061647357593
405,0 0,35000000000000003 0,1 261,80165630883613
406,0 0,4 0,1 259,30285547967793
407,0 0,45 0,1 256,80421371249594
408,0 0,5 0,1 254,3057306973929
409,0 0,55 0,1 251,8074060882505
410,0 0,6000000000000001 0,1 249,30923950280794
411,0 0,65 0,1 246,8112305227496
412,0 0,7000000000000001 0,1 244,31337869380002
413,0 0,75 0,1 241,81568352582795
414,0 0,8 0,1 239,31814449295814
415,0 0,8500000000000001 0,1 236,8207610336907
416,0 0,9 0,1 234,32353255103052
417,0 0,9500000000000001 0,1 231,82645841262217
418,0 1,0 0,1 229,3295379508948
419,0 1,05 0,1 226,8327704632144
420,0 1,1 0,1 224,33615521204408
421,0 1,1500000000000001 0,1 221,83969142511228
422,0 1,2000000000000002 0,1 219,34337829558916
423,0 1,25 0,1 216,8472149822704
424,0 1,3 0,1 214,35120060976962
425,0 1,35 0,1 211,85533426871748
426,0 1,4000000000000001 0,1 209,35961501596947
427,0 1,4500000000000002 0,1 206,86404187482134
428,0 1,5 0,1 204,3686138352314
429,0 1,55 0,1 201,87332985405155
430,0 1,6 0,1 199,3781888552649
431,0 1,6500000000000001 0,1 196,88318973023144
432,0 1,7000000000000002 0,1 194,38833133794085
433,0 1,75 0,1 191,89361250527293
434,0 1,8 0,1 189,39903202726543
435,0 1,85 0,1 186,90458866738862
436,0 1,9000000000000001 0,1 184,41028115782765
437,0 1,9500000000000002 0,1 181,91610819977188
438,0 2,0 0,1 179,42206846371099
439,0 2,0500000000000003 0,1 176,9281605897385
440,0 2,1 0,1 174,4343831878619
441,0 2,15 0,1 171,94073483832003
442,0 2,2 0,1 169,4472140919068
443,0 2,25 0,1 166,95381947030194
444,0 2,3000000000000003 0,1 164,46054946640834
445,0 2,35 0,1 161,9674025446957
446,0 2,4000000000000004 0,1 159,47437714155114
447,0 2,45 0,1 156,98147166563578
448,0 2,5 0,1 154,48868449824786
449,0 2,5500000000000003 0,1 151,99601399369232
450,0 2,6 0,1 149,50345847965576
451,0 2,6500000000000004 0,1 147,0110162575885
452,0 2,7 0,1 144,51868560309182
453,0 2,75 0,1 142,02646476631148
454,0 2,8000000000000003 0,1 139,53435197233725
455,0 2,85 0,1 137,04234542160728
456,0 2,9000000000000004 0,1 134,55044329031915
457,0 2,95 0,1 132,058643730846
458,0 3,0 0,1 129,5669448721578
459,0 3,0500000000000003 0,1 127,0753448202486
460,0 3,1 0,1 124,58384165856832
461,0 3,1500000000000004 0,1 122,09243344846026
462,0 3,2 0,1 119,60111822960333
463,0 3,25 0,1 117,10989402045944
464,0 3,3000000000000003 0,1 114,61875881872547
465,0 3,35 0,1 112,12771060179023
466,0 3,4000000000000004 0,1 109,63674732719583
467,0 3,45 0,1 107,14586693310378
468,0 3,5 0,1 104,65506733876536
469,0 3,5500000000000003 0,1 102,16434644499645
470,0 3,6 0,1 99,67370213465651
471,0 3,6500000000000004 0,1 97,1831322731315
472,0 3,7 0,1 94,69263470882089
473,0 3,75 0,1 92,20220727362874
474,0 3,8000000000000003 0,1 89,71184778345838
475,0 3,85 0,1 87,22155403871055
476,0 3,9000000000000004 0,1 84,73132382478539
477,0 3,95 0,1 82,24115491258776
478,0 4,0 0,1 79,75104505903568
479,0 4,05 0,1 77,26099200757243
480,0 4,1000000000000005 0,1 74,77099348868104
481,0 4,15 0,1 72,28104722040239
482,0 4,2 0,1 69,79115090885563
483,0 4,25 0,1 67,30130224876169
484,0 4,3 0,1 64,81149892396932
485,0 4,3500000000000005 0,1 62,32173860798338
486,0 4,4 0,1 59,83201896449578
487,0 4,45 0,1 57,34233764791854
488,0 4,5 0,1 54,852692303918886
489,0 4,55 0,1 52,363080569956495
490,0 4,6000000000000005 0,1 49,873500075822434
491,0 4,65 0,1 47,383948444180156
492,0 4,7 0,1 44,894423291107685
493,0 4,75 0,1 42,40492222664168
494,0 4,800000000000001 0,1 39,915442855322624
495,0 4,8500000000000005 0,1 37,42598277674158
496,0 4,9 0,1 34,936539586087626
497,0 4,95 0,1 32,44711087469669
498,0 0,025 0,125 278,04777430197396
499,0 0,07500000000000001 0,125 275,5479345232825
500,0 0,125 0,125 273,04825492934333
501,0 0,17500000000000002 0,125 270,5487354470519
502,0 0,225 0,125 268,0493759667723
503,0 0,275 0,125 265,55017634236214
504,0 0,32500000000000007 0,125 263,0511363912061
505,0 0,37500000000000006 0,125 260,55225589425703
506,0 0,42500000000000004 0,125 258,053534596087
507,0 0,47500000000000003 0,125 255,55497220494445
508,0 0,525 0,125 253,0565683928217
509,0 0,5750000000000001 0,125 250,55832279552925
510,0 0,6250000000000001 0,125 248,06023501277878
511,0 0,675 0,125 245,56230460827484
512,0 0,7250000000000001 0,125 243,06453110981397
513,0 0,775 0,125 240,5669140093931
514,0 0,8250000000000001 0,125 238,06945276332445
515,0 0,8750000000000001 0,125 235,57214679236063
516,0 0,925 0,125 233,07499548182642
517,0 0,9750000000000001 0,125 230,5779981817585
518,0 1,025 0,125 228,08115420705468
519,0 1,075 0,125 225,58446283762933
520,0 1,125 0,125 223,08792331857828
521,0 1,175 0,125 220,5915348603508
522,0 1,225 0,125 218,0952966389298
523,0 1,275 0,125 215,5992077960201
524,0 1,325 0,125 213,1032674392436
525,0 1,375 0,125 210,60747464234356
526,0 1,425 0,125 208,1118284453955
527,0 1,475 0,125 205,61632785502638
528,0 1,525 0,125 203,12097184464156
529,0 1,575 0,125 200,62575935465833
530,0 1,625 0,125 198,1306892927483
531,0 1,675 0,125 195,63576053408622
532,0 1,725 0,125 193,14097192160693
533,0 1,775 0,125 190,64632226626924
534,0 1,825 0,125 188,1518103473271
535,0 1,875 0,125 185,6574349126082
536,0 1,925 0,125 183,16319467879984
537,0 1,975 0,125 180,66908833174145
538,0 2,025 0,125 178,17511452672477
539,0 2,075 0,125 175,68127188880018
540,0 2,125 0,125 173,18755901309095
541,0 2,175 0,125 170,69397446511346
542,0 2,225 0,125 168,2005167811043
543,0 2,275 0,125 165,70718446835517
544,0 2,325 0,125 163,213976005552
545,0 2,375 0,125 160,72088984312344
546,0 2,4250000000000003 0,125 158,22792440359342
547,0 2,475 0,125 155,73507808194182
548,0 2,525 0,125 153,2423492459701
549,0 2,575 0,125 150,74973623667404
550,0 2,625 0,125 148,25723736862216
551,0 2,6750000000000003 0,125 145,76485093034012
552,0 2,725 0,125 143,27257518470162
553,0 2,775 0,125 140,78040836932442
554,0 2,825 0,125 138,28834869697224
555,0 2,875 0,125 135,79639435596323
556,0 2,9250000000000003 0,125 133,30454351058256
557,0 2,975 0,125 130,8127943015019
558,0 3,025 0,125 128,32114484620323
559,0 3,075 0,125 125,82959323940844
560,0 3,125 0,125 123,3381375535143
561,0 3,1750000000000003 0,125 120,84677583903178
562,0 3,225 0,125 118,35550612503137
563,0 3,275 0,125 115,86432641959249
564,0 3,325 0,125 113,37323471025783
565,0 3,375 0,125 110,88222896449302
566,0 3,4250000000000003 0,125 108,39130713014977
567,0 3,475 0,125 105,90046713593453
568,0 3,525 0,125 103,40970689188094
569,0 3,575 0,125 100,91902428982647
570,0 3,625 0,125 98,42841720389401
571,0 3,6750000000000003 0,125 95,93788349097618
572,0 3,725 0,125 93,4474209912248
573,0 3,775 0,125 90,95702752854359
574,0 3,825 0,125 88,46670091108444
575,0 3,875 0,125 85,97643893174798
576,0 3,9250000000000003 0,125 83,48623936868655
577,0 3,975 0,125 80,99609998581172
578,0 4,025 0,125 78,50601853330404
579,0 4,075 0,125 76,01599274812678
580,0 4,125000000000001 0,125 73,52602035454173
581,0 4,175000000000001 0,125 71,03609906462906
582,0 4,2250000000000005 0,125 68,54622657880881
583,0 4,275 0,125 66,05640058636588
584,0 4,325 0,125 63,56661876597722
585,0 4,375000000000001 0,125 61,07687878624147
586,0 4,425000000000001 0,125 58,587178306211435
587,0 4,4750000000000005 0,125 56,09751497592829
588,0 4,525 0,125 53,60788643695917
589,0 4,575 0,125 51,118290322937604
590,0 4,625000000000001 0,125 48,62872426010905
591,0 4,675000000000001 0,125 46,13918586788526
592,0 4,7250000000000005 0,125 43,649672759415175
593,0 4,775 0,125 41,160182542192366
594,0 4,825000000000001 0,125 38,67071281873552
595,0 4,875000000000001 0,125 36,18126118729659
596,0 4,925000000000001 0,125 33,69182523921015
597,0 0,0 0,15000000000000002 279,297774301974
598,0 0,05 0,15000000000000002 276,7978544126282
599,0 0,1 0,15000000000000002 274,2980947263129
600,0 0,15000000000000002 0,15000000000000002 271,7984951881976
601,0 0,2 0,15000000000000002 269,2990557069121
602,0 0,25 0,15000000000000002 266,79977615456727
603,0 0,30000000000000004 0,15000000000000002 264,30065636678415
604,0 0,35000000000000003 0,15000000000000002 261,80169614273166
605,0 0,4 0,15000000000000002 259,30289524517207
606,0 0,45 0,15000000000000002 256,80425340051573
607,0 0,5 0,15000000000000002 254,30577029888303
608,0 0,55 0,15000000000000002 251,8074455941755
609,0 0,6000000000000001 0,15000000000000002 249,30927890415407
610,0 0,65 0,15000000000000002 246,81126981052685
611,0 0,7000000000000001 0,15000000000000002 244,31341785904448
612,0 0,75 0,15000000000000002 241,81572255960359
613,0 0,8 0,15000000000000002 239,3181833863588
614,0 0,8500000000000001 0,15000000000000002 236,8207997778426
615,0 0,9 0,15000000000000002 234,32357113709364
616,0 0,9500000000000001 0,15000000000000002 231,82649683179253
617,0 1,0 0,15000000000000002 229,32957619440666
618,0 1,05 0,15000000000000002 226,8328085223421
619,0 1,1 0,15000000000000002 224,33619307810395
620,0 1,1500000000000001 0,15000000000000002 221,8397290894646
621,0 1,2000000000000002 0,15000000000000002 219,34341574964034
622,0 1,25 0,15000000000000002 216,84725221747502
623,0 1,3 0,15000000000000002 214,35123761763194
624,0 1,35 0,15000000000000002 211,85537104079367
625,0 1,4000000000000001 0,15000000000000002 209,35965154386957
626,0 1,4500000000000002 0,15000000000000002 206,864078150211
627,0 1,5 0,15000000000000002 204,36864984983404
628,0 1,55 0,15000000000000002 201,87336559965004
629,0 1,6 0,15000000000000002 199,37822432370336
630,0 1,6500000000000001 0,15000000000000002 196,8832249134173
631,0 1,7000000000000002 0,15000000000000002 194,38836622784666
632,0 1,75 0,15000000000000002 191,89364709393814
633,0 1,8 0,15000000000000002 189,39906630679823
634,0 1,85 0,15000000000000002 186,90462262996775
635,0 1,9000000000000001 0,15000000000000002 184,4103147957041
636,0 1,9500000000000002 0,15000000000000002 181,9161415052707
637,0 2,0 0,15000000000000002 179,4221014292331
638,0 2,0500000000000003 0,15000000000000002 176,92819320776246
639,0 2,1 0,15000000000000002 174,43441545094555
640,0 2,15 0,15000000000000002 171,94076673910217
641,0 2,2 0,15000000000000002 169,4472456231088
642,0 2,25 0,15000000000000002 166,95385062472974
643,0 2,3000000000000003 0,15000000000000002 164,46058023695355
644,0 2,35 0,15000000000000002 161,96743292433771
645,0 2,4000000000000004 0,15000000000000002 159,47440712335842
646,0 2,45 0,15000000000000002 156,98150124276762
647,0 2,5 0,15000000000000002 154,48871366395596
648,0 2,5500000000000003 0,15000000000000002 151,99604274132204
649,0 2,6 0,15000000000000002 149,50348680264813
650,0 2,6500000000000004 0,15000000000000002 147,01104414948108
651,0 2,7 0,15000000000000002 144,5187130575209
652,0 2,75 0,15000000000000002 142,026491777013
653,0 2,8000000000000003 0,15000000000000002 139,5343785331483
654,0 2,85 0,15000000000000002 137,0423715264677
655,0 2,9000000000000004 0,15000000000000002 134,55046893327287
656,0 2,95 0,15000000000000002 132,05866890604224
657,0 3,0 0,15000000000000002 129,56696957385253
658,0 3,0500000000000003 0,15000000000000002 127,07536904280585
659,0 3,1 0,15000000000000002 124,58386539646135
660,0 3,1500000000000004 0,15000000000000002 122,09245669627303
661,0 3,2 0,15000000000000002 119,6011409820316
662,0 3,25 0,15000000000000002 117,10991627231189
663,0 3,3000000000000003 0,15000000000000002 114,61878056492512
664,0 3,35 0,15000000000000002 112,12773183737544
665,0 3,4000000000000004 0,15000000000000002 109,63676804732138
666,0 3,45 0,15000000000000002 107,14588713304215
667,0 3,5 0,15000000000000002 104,65508701390772
668,0 3,5500000000000003 0,15000000000000002 102,16436559085366
669,0 3,6 0,15000000000000002 99,67372074686023
670,0 3,6500000000000004 0,15000000000000002 97,18315034743507
671,0 3,7 0,15000000000000002 94,6926522411005
672,0 3,75 0,15000000000000002 92,20222425988419
673,0 3,8000000000000003 0,15000000000000002 89,71186421981399
674,0 3,85 0,15000000000000002 87,2215699214162
675,0 3,9000000000000004 0,15000000000000002 84,73133915021724
676,0 3,95 0,15000000000000002 82,24116967724915
677,0 4,0 0,15000000000000002 79,7510592595579
678,0 4,05 0,15000000000000002 77,26100564071544
679,0 4,1000000000000005 0,15000000000000002 74,77100655133427
680,0 4,15 0,15000000000000002 72,28105970958545
681,0 4,2 0,15000000000000002 69,79116282171906
682,0 4,25 0,15000000000000002 67,30131358258757
683,0 4,3 0,15000000000000002 64,81150967617202
684,0 4,3500000000000005 0,15000000000000002 62,32174877611033
685,0 4,4 0,15000000000000002 59,83202854622867
686,0 4,45 0,15000000000000002 57,34234664107479
687,0 4,5 0,15000000000000002 54,85270070645474
688,0 4,55 0,15000000000000002 52,363088379973014
689,0 4,6000000000000005 0,15000000000000002 49,87350729157846
690,0 4,65 0,15000000000000002 47,38395506412061
691,0 4,7 0,15000000000000002 44,89442931392668
692,0 4,75 0,15000000000000002 42,40492765142299
693,0 4,800000000000001 0,15000000000000002 39,915447681853124
694,0 4,8500000000000005 0,15000000000000002 37,42598700619047
695,0 4,9 0,15000000000000002 34,93654322196297
696,0 4,95 0,15000000000000002 32,447113910730955
697,0 0,025 0,17500000000000002 278,0478143573011
698,0 0,07500000000000001 0,17500000000000002 275,5479745694705
699,0 0,125 0,17500000000000002 273,0482949572552
700,0 0,17500000000000002 0,17500000000000002 270,5487754475548
701,0 0,225 0,17500000000000002 268,04941593073966
702,0 0,275 0,17500000000000002 265,55021626067577
703,0 0,32500000000000007 0,17500000000000002 263,05117625475793
704,0 0,37500000000000006 0,17500000000000002 260,55229569395186
705,0 0,42500000000000004 0,17500000000000002 258,05357432284393
706,0 0,47500000000000003 0,17500000000000002 255,5550118496994
707,0 0,525 0,17500000000000002 253,05660794652928
708,0 0,5750000000000001 0,17500000000000002 250,55836224916476
709,0 0,6250000000000001 0,17500000000000002 248,06027435734052
710,0 0,675 0,17500000000000002 245,56234383478568
711,0 0,7250000000000001 0,17500000000000002 243,06457020932405
712,0 0,775 0,17500000000000002 240,56695297298126
713,0 0,8250000000000001 0,17500000000000002 238,0694915821008
714,0 0,8750000000000001 0,17500000000000002 235,5721854574681
715,0 0,925 0,17500000000000002 233,0750339844431
716,0 0,9750000000000001 0,17500000000000002 230,57803651309965
717,0 1,025 0,17500000000000002 228,0811923583745
718,0 1,075 0,17500000000000002 225,58450080022314
719,0 1,125 0,17500000000000002 223,0879610837844
720,0 1,175 0,17500000000000002 220,59157241955256
721,0 1,225 0,17500000000000002 218,0953339835577
722,0 1,275 0,17500000000000002 215,59924491755356
723,0 1,325 0,17500000000000002 213,10330432921288
724,0 1,375 0,17500000000000002 210,60751129233168
725,0 1,425 0,17500000000000002 208,11186484704032
726,0 1,475 0,17500000000000002 205,61636400002254
727,0 1,525 0,17500000000000002 203,12100772474207
728,0 1,575 0,17500000000000002 200,62579496167677
729,0 1,625 0,17500000000000002 198,1307246185604
730,0 1,675 0,17500000000000002 195,63579557063204
731,0 1,725 0,17500000000000002 193,14100666089243
732,0 1,775 0,17500000000000002 190,64635670036827
733,0 1,825 0,17500000000000002 188,15184446838305
734,0 1,875 0,17500000000000002 185,657468712836
735,0 1,925 0,17500000000000002 183,16322815048747
736,0 1,975 0,17500000000000002 180,6691214672519
737,0 2,025 0,17500000000000002 178,17514731849778
738,0 2,075 0,17500000000000002 175,68130432935402
739,0 2,125 0,17500000000000002 173,18759109502386
740,0 2,175 0,17500000000000002 170,6940061811055
741,0 2,225 0,17500000000000002 168,20054812391928
742,0 2,275 0,17500000000000002 165,70721543084164
743,0 2,325 0,17500000000000002 163,21400658064564
744,0 2,375 0,17500000000000002 160,72092002384807
745,0 2,4250000000000003 0,17500000000000002 158,22795418306302
746,0 2,475 0,17500000000000002 155,73510745336182
747,0 2,525 0,17500000000000002 153,24237820263903
748,0 2,575 0,17500000000000002 150,74976477198507
749,0 2,625 0,17500000000000002 148,2572654760646
750,0 2,6750000000000003 0,17500000000000002 145,764878603501
751,0 2,725 0,17500000000000002 143,27260241726694
752,0 2,775 0,17500000000000002 140,78043515508065
753,0 2,825 0,17500000000000002 138,288375029808
754,0 2,875 0,17500000000000002 135,79642022987028
755,0 2,9250000000000003 0,17500000000000002 133,30456891965756
756,0 2,975 0,17500000000000002 130,8128192399474
757,0 3,025 0,17500000000000002 128,3211693083292
758,0 3,075 0,17500000000000002 125,82961721963359
759,0 3,125 0,17500000000000002 123,33816104636719
760,0 3,1750000000000003 0,17500000000000002 120,84679883915229
761,0 3,225 0,17500000000000002 118,35552862717174
762,0 3,275 0,17500000000000002 115,86434841861849
763,0 3,325 0,17500000000000002 113,37325620115026
764,0 3,375 0,17500000000000002 110,88224994234838
765,0 3,4250000000000003 0,17500000000000002 108,39132759018173
766,0 3,475 0,17500000000000002 105,90048707347495
767,0 3,525 0,17500000000000002 103,4097263023807
768,0 3,575 0,17500000000000002 100,91904316885694
769,0 3,625 0,17500000000000002 98,42843554714766
770,0 3,6750000000000003 0,17500000000000002 95,93790129426779
771,0 3,725 0,17500000000000002 93,44743825049235
772,0 3,775 0,17500000000000002 90,9570442398491
773,0 3,825 0,17500000000000002 88,46671707061509
774,0 3,875 0,17500000000000002 85,97645453581673
775,0 3,9250000000000003 0,17500000000000002 83,48625441373319
776,0 3,975 0,17500000000000002 80,99611446840353
777,0 4,025 0,17500000000000002 78,50603245013666
778,0 4,075 0,17500000000000002 76,01600609602485
779,0 4,125000000000001 0,17500000000000002 73,52603313045987
780,0 4,175000000000001 0,17500000000000002 71,03611126565225
781,0 4,2250000000000005 0,17500000000000002 68,54623820215336
782,0 4,275 0,17500000000000002 66,05641162937994
783,0 4,325 0,17500000000000002 63,56662922614154
784,0 4,375000000000001 0,17500000000000002 61,07688866117028
785,0 4,425000000000001 0,17500000000000002 58,58718759365348
786,0 4,4750000000000005 0,17500000000000002 56,09752367376872
787,0 4,525 0,17500000000000002 53,607894543222756
788,0 4,575 0,17500000000000002 51,11829783579568
789,0 4,625000000000001 0,17500000000000002 48,62873117789416
790,0 4,675000000000001 0,17500000000000002 46,1391921891236
791,0 4,7250000000000005 0,17500000000000002 43,64967848289872
792,0 4,775 0,17500000000000002 41,16018766714015
793,0 4,825000000000001 0,17500000000000002 38,67071734516267
794,0 4,875000000000001 0,17500000000000002 36,181265117047694
795,0 4,925000000000001 0,17500000000000002 33,691828583513086
796,0 0,0 0,2 279,2978143573011
797,0 0,05 0,2 276,7978944633857
798,0 0,1 0,2 274,29813476336284
799,0 0,15000000000000002 0,2 271,798535202405
800,0 0,2 0,2 269,29909568914724
801,0 0,25 0,2 266,7998160957077
802,0 0,30000000000000004 0,2 264,3006962577168
803,0 0,35000000000000003 0,2 261,8017359743549
804,0 0,4 0,2 259,3029350083979
805,0 0,45 0,2 256,8042930862717
806,0 0,5 0,2 254,30580989811432
807,0 0,55 0,2 251,80748509784704
808,0 0,6000000000000001 0,2 249,30931830325267
809,0 0,65 0,2 246,81130909606304
810,0 0,7000000000000001 0,2 244,31345702205485
811,0 0,75 0,2 241,81576159115264
812,0 0,8 0,2 239,31822227754114
813,0 0,8500000000000001 0,2 236,8208385197845
814,0 0,9 0,2 234,3236097209556
815,0 0,9500000000000001 0,2 231,82653524877142
816,0 1,0 0,2 229,32961443573708
817,0 1,05 0,2 226,83284657929892
818,0 1,1 0,2 224,33623094200385
819,0 1,1500000000000001 0,2 221,83976675166852
820,0 1,2000000000000002 0,2 219,34345320155518
821,0 1,25 0,2 216,84728945055568
822,0 1,3 0,2 214,35127462338323
823,0 1,35 0,2 211,85540781077236
824,0 1,4000000000000001 0,2 209,35968806968606
825,0 1,4500000000000002 0,2 206,86411442353145
826,0 1,5 0,2 204,3686858623823
827,0 1,55 0,2 201,87340134320945
828,0 1,6 0,2 199,37825979011862
829,0 1,6500000000000001 0,2 196,88326009459627
830,0 1,7000000000000002 0,2 194,38840111576226
831,0 1,75 0,2 191,89368168063038
832,0 1,8 0,2 189,39910058437567
833,0 1,85 0,2 186,90465659060956
834,0 1,9000000000000001 0,2 184,41034843166176
835,0 1,9500000000000002 0,2 181,9161748088697
836,0 2,0 0,2 179,42213439287482
837,0 2,0500000000000003 0,2 176,92822582392586
838,0 2,1 0,2 174,43444771218893
839,0 2,15 0,2 171,94079863806465
840,0 2,2 0,2 169,44727715251238
841,0 2,25 0,2 166,95388177738045
842,0 2,3000000000000003 0,2 164,46061100574363
843,0 2,35 0,2 161,96746330224687
844,0 2,4000000000000004 0,2 159,47443710345553
845,0 2,45 0,2 156,98153081821243
846,0 2,5 0,2 154,48874282800043
847,0 2,5500000000000003 0,2 151,99607148731204
848,0 2,6 0,2 149,50351512402483
849,0 2,6500000000000004 0,2 147,01107203978276
850,0 2,7 0,2 144,51874051038394
851,0 2,75 0,2 142,02651878617377
852,0 2,8000000000000003 0,2 139,5344050924443
853,0 2,85 0,2 137,04239762983914
854,0 2,9000000000000004 0,2 134,55049457476392
855,0 2,95 0,2 132,0586940798025
856,0 3,0 0,2 129,56699427413827
857,0 3,0500000000000003 0,2 127,0753932639814
858,0 3,1 0,2 124,5838891330004
859,0 3,1500000000000004 0,2 122,0924799427597
860,0 3,2 0,2 119,60116373316201
861,0 3,25 0,2 117,10993852289509
862,0 3,3000000000000003 0,2 114,61880230988436
863,0 3,35 0,2 112,12775307174928
864,0 3,4000000000000004 0,2 109,63678876626503
865,0 3,45 0,2 107,14590733182837
866,0 3,5 0,2 104,65510668792784
867,0 3,5500000000000003 0,2 102,16438473561881
868,0 3,6 0,2 99,6737393580023
869,0 3,6500000000000004 0,2 97,1831684207077
870,0 3,7 0,2 94,69266977238009
871,0 3,75 0,2 92,20224124517073
872,0 3,8000000000000003 0,2 89,71188065523208
873,0 3,85 0,2 87,22158580321592
874,0 3,9000000000000004 0,2 84,73135447477495
875,0 3,95 0,2 82,24118444106837
876,0 4,0 0,2 79,75107345927012
877,0 4,05 0,2 77,26101927308078
878,0 4,1000000000000005 0,2 74,77101961324234
879,0 4,15 0,2 72,28107219805607
880,0 4,2 0,2 69,79117473390282
881,0 4,25 0,2 67,30132491576667
882,0 4,3 0,2 64,81152042776077
883,0 4,3500000000000005 0,2 62,32175894365591
884,0 4,4 0,2 59,83203812741191
885,0 4,45 0,2 57,34235563371112
886,0 4,5 0,2 54,85270910849576
887,0 4,55 0,2 52,36309618950924
888,0 4,6000000000000005 0,2 49,87351450684493
889,0 4,65 0,2 47,38396168350891
890,0 4,7 0,2 44,89443533601118
891,0 4,75 0,2 42,404933075019464
892,0 4,800000000000001 0,2 39,91545250615141
893,0 4,8500000000000005 0,2 37,4259912311052
894,0 4,9 0,2 34,936546850280415
895,0 4,95 0,2 32,447116987333196
