896
0,0 0,0 0,0 279,9982469652364
1,0 0,05 0,0 277,4982471652244
2,0 0,1 0,0 274,99824776514316
3,0 0,15000000000000002 0,0 272,49824876485536
4,0 0,2 0,0 269,998250164133
5,0 0,25 0,0 267,4982519626571
6,0 0,30000000000000004 0,0 264,998254160017
7,0 0,35000000000000003 0,0 262,49825675571145
8,0 0,4 0,0 259,99825974914825
9,0 0,45 0,0 257,49826313964417
10,0 0,5 0,0 254,99826692642577
11,0 0,55 0,0 252,4982711086293
12,0 0,6000000000000001 0,0 249,99827568530029
13,0 0,65 0,0 247,49828065539464
14,0 0,7000000000000001 0,0 244,99828601777847
15,0 0,75 0,0 242,49829177122817
16,0 0,8 0,0 239,99829791443108
17,0 0,8500000000000001 0,0 237,4983044459855
18,0 0,9 0,0 234,99831136440113
19,0 0,9500000000000001 0,0 232,49831866809956
20,0 1,0 0,0 229,99832635541432
21,0 1,05 0,0 227,49833442459135
22,0 1,1 0,0 224,99834287378954
23,0 1,1500000000000001 0,0 222,49835170108113
24,0 1,2000000000000002 0,0 219,998360904452
25,0 1,25 0,0 217,49837048180248
26,0 1,3 0,0 214,9983804309473
27,0 1,35 0,0 212,4983907496163
28,0 1,4000000000000001 0,0 209,99840143545526
29,0 1,4500000000000002 0,0 207,498412486026
30,0 1,5 0,0 204,99842389880743
31,0 1,55 0,0 202,49843567119535
32,0 1,6 0,0 199,9984478005038
33,0 1,6500000000000001 0,0 197,4984602839653
34,0 1,7000000000000002 0,0 194,9984731187316
35,0 1,75 0,0 192,4984863018745
36,0 1,8 0,0 189,99849983038592
37,0 1,85 0,0 187,49851370117923
38,0 1,9000000000000001 0,0 184,99852791108958
39,0 1,9500000000000002 0,0 182,4985424568748
40,0 2,0 0,0 179,99855733521616
41,0 2,0500000000000003 0,0 177,49857254271902
42,0 2,1 0,0 174,9985880759136
43,0 2,15 0,0 172,49860393125573
44,0 2,2 0,0 169,99862010512788
45,0 2,25 0,0 167,49863659383976
46,0 2,3000000000000003 0,0 164,9986533936293
47,0 2,35 0,0 162,49867050066342
48,0 2,4000000000000004 0,0 159,99868791103893
49,0 2,45 0,0 157,49870562078354
50,0 2,5 0,0 154,9987236258564
51,0 2,5500000000000003 0,0 152,49874192214952
52,0 2,6 0,0 149,99876050548835
53,0 2,6500000000000004 0,0 147,49877937163288
54,0 2,7 0,0 144,99879851627855
55,0 2,75 0,0 142,49881793505733
56,0 2,8000000000000003 0,0 139,99883762353858
57,0 2,85 0,0 137,49885757723013
58,0 2,9000000000000004 0,0 134,9988777915793
59,0 2,95 0,0 132,49889826197395
60,0 3,0 0,0 129,99891898374347
61,0 3,0500000000000003 0,0 127,49893995215993
62,0 3,1 0,0 124,99896116243923
63,0 3,1500000000000004 0,0 122,4989826097419
64,0 3,2 0,0 119,99900428917454
65,0 3,25 0,0 117,49902619579068
66,0 3,3000000000000003 0,0 114,99904832459205
67,0 3,35 0,0 112,49907067052972
68,0 3,4000000000000004 0,0 109,99909322850516
69,0 3,45 0,0 107,49911599337155
70,0 3,5 0,0 104,99913895993478
71,0 3,5500000000000003 0,0 102,49916212295474
72,0 3,6 0,0 99,99918547714651
73,0 3,6500000000000004 0,0 97,49920901718157
74,0 3,7 0,0 94,99923273768897
75,0 3,75 0,0 92,49925663325654
76,0 3,8000000000000003 0,0 89,99928069843222
77,0 3,85 0,0 87,49930492772528
78,0 3,9000000000000004 0,0 84,99932931560753
79,0 3,95 0,0 82,49935385651456
80,0 4,0 0,0 79,99937854484706
81,0 4,05 0,0 77,49940337497206
82,0 4,1000000000000005 0,0 74,99942834122433
83,0 4,15 0,0 72,4994534379075
84,0 4,2 0,0 69,99947865929558
85,0 4,25 0,0 67,4995039996339
86,0 4,3 0,0 64,99952945314077
87,0 4,3500000000000005 0,0 62,499555014008635
88,0 4,4 0,0 59,99958067640549
89,0 4,45 0,0 57,499606434476185
90,0 4,5 0,0 54,99963228234365
91,0 4,55 0,0 52,49965821411029
92,0 4,6000000000000005 0,0 49,9996842238594
93,0 4,65 0,0 47,4997103056564
94,0 4,7 0,0 44,99973645355
95,0 4,75 0,0 42,49976266157331
96,0 4,800000000000001 0,0 39,99978892374464
97,0 4,8500000000000005 0,0 37,4998152340674
98,0 4,9 0,0 34,999841586526244
99,0 4,95 0,0 32,49986797502855
100,0 0,025 0,025 278,74824706523043
101,0 0,07500000000000001 0,025 276,2482474651838
102,0 0,125 0,025 273,7482482649993
103,0 0,17500000000000002 0,025 271,2482494644941
104,0 0,225 0,025 268,74825106339495
105,0 0,275 0,025 266,24825306133704
106,0 0,32500000000000007 0,025 263,7482554578643
107,0 0,37500000000000006 0,025 261,2482582524299
108,0 0,42500000000000004 0,025 258,74826144439623
109,0 0,47500000000000003 0,025 256,248265033035
110,0 0,525 0,025 253,74826901752755
111,0 0,5750000000000001 0,025 251,2482733969648
112,0 0,6250000000000001 0,025 248,74827817034748
113,0 0,675 0,025 246,24828333658652
114,0 0,7250000000000001 0,025 243,74828889450333
115,0 0,775 0,025 241,24829484282964
116,0 0,8250000000000001 0,025 238,74830118020827
117,0 0,8750000000000001 0,025 236,2483079051933
118,0 0,925 0,025 233,74831501625033
119,0 0,9750000000000001 0,025 231,24832251175695
120,0 1,025 0,025 228,74833039000288
121,0 1,075 0,025 226,2483386491905
122,0 1,125 0,025 223,74834728743537
123,0 1,175 0,025 221,24835630276658
124,0 1,225 0,025 218,74836569312725
125,0 1,275 0,025 216,2483754563749
126,0 1,325 0,025 213,74838559028183
127,0 1,375 0,025 211,24839609253578
128,0 1,425 0,025 208,74840696074068
129,0 1,475 0,025 206,24841819241675
130,0 1,525 0,025 203,74842978500143
131,0 1,575 0,025 201,2484417358496
132,0 1,625 0,025 198,74845404223458
133,0 1,675 0,025 196,2484667013485
134,0 1,725 0,025 193,74847971030306
135,0 1,775 0,025 191,24849306613024
136,0 1,825 0,025 188,74850676578262
137,0 1,875 0,025 186,24852080613442
138,0 1,925 0,025 183,7485351839822
139,0 1,975 0,025 181,24854989604546
140,0 2,025 0,025 178,7485649389676
141,0 2,075 0,025 176,24858030931637
142,0 2,125 0,025 173,74859600358468
143,0 2,175 0,025 171,2486120181918
144,0 2,225 0,025 168,74862834948382
145,0 2,275 0,025 166,24864499373456
146,0 2,325 0,025 163,7486619471464
147,0 2,375 0,025 161,2486792058512
148,0 2,4250000000000003 0,025 158,74869676591126
149,0 2,475 0,025 156,24871462331998
150,0 2,525 0,025 153,748732774003
151,0 2,575 0,025 151,24875121381896
152,0 2,625 0,025 148,74876993856068
153,0 2,6750000000000003 0,025 146,24878894395576
154,0 2,725 0,025 143,74880822566797
155,0 2,775 0,025 141,248827779298
156,0 2,825 0,025 138,74884760038438
157,0 2,875 0,025 136,24886768440476
158,0 2,9250000000000003 0,025 133,74888802677665
159,0 2,975 0,025 131,2489086228587
160,0 3,025 0,025 128,7489294679517
161,0 3,075 0,025 126,24895055729958
162,0 3,125 0,025 123,7489718860906
163,0 3,1750000000000003 0,025 121,24899344945825
164,0 3,225 0,025 118,74901524248263
165,0 3,275 0,025 116,24903726019139
166,0 3,325 0,025 113,74905949756089
167,0 3,375 0,025 111,24908194951746
168,0 3,4250000000000003 0,025 108,74910461093837
169,0 3,475 0,025 106,24912747665317
170,0 3,525 0,025 103,74915054144479
171,0 3,575 0,025 101,24917380005064
172,0 3,625 0,025 98,74919724716408
173,0 3,6750000000000003 0,025 96,24922087743529
174,0 3,725 0,025 93,74924468547277
175,0 3,775 0,025 91,2492686658444
176,0 3,825 0,025 88,74929281307875
177,0 3,875 0,025 86,24931712166642
178,0 3,9250000000000003 0,025 83,74934158606106
179,0 3,975 0,025 81,24936620068081
180,0 4,025 0,025 78,74939095990953
181,0 4,075 0,025 76,2494158580982
182,0 4,125000000000001 0,025 73,74944088956589
183,0 4,175000000000001 0,025 71,24946604860152
184,0 4,2250000000000005 0,025 68,74949132946472
185,0 4,275 0,025 66,24951672638731
186,0 4,325 0,025 63,7495422335747
187,0 4,375000000000001 0,025 61,249567845207046
188,0 4,425000000000001 0,025 58,74959355544082
189,0 4,4750000000000005 0,025 56,2496193584099
190,0 4,525 0,025 53,74964524822697
191,0 4,575 0,025 51,2496712189849
192,0 4,625000000000001 0,025 48,74969726475798
193,0 4,675000000000001 0,025 46,24972337960343
194,0 4,7250000000000005 0,025 43,74974955756218
195,0 4,775 0,025 41,24977579266023
196,0 4,825000000000001 0,025 38,74980207890884
197,0 4,875000000000001 0,025 36,24982841030421
198,0 4,925000000000001 0,025 33,74985478082022
199,0 0,0 0,05 279,9982470652305
200,0 0,05 0,05 277,4982472652071
201,0 0,1 0,05 274,9982478650915
202,0 0,15000000000000002 0,05 272,4982488647467
203,0 0,2 0,05 269,9982502639445
204,0 0,25 0,05 267,49825206236596
205,0 0,30000000000000004 0,05 264,9982542596007
206,0 0,35000000000000003 0,05 262,4982568551472
207,0 0,4 0,05 259,9982598484131
208,0 0,45 0,05 257,49826323871565
209,0 0,5 0,05 254,99826702528125
210,0 0,55 0,05 252,49827120724618
211,0 0,6000000000000001 0,05 249,9982757836561
212,0 0,65 0,05 247,49828075346696
213,0 0,7000000000000001 0,05 244,99828611554491
214,0 0,75 0,05 242,49829186866648
215,0 0,8 0,05 239,998298011519
216,0 0,8500000000000001 0,05 237,4983045427008
217,0 0,9 0,05 234,9983114607218
218,0 0,9500000000000001 0,05 232,49831876400364
219,0 1,0 0,05 229,99832645087986
220,0 1,05 0,05 227,49833451959663
221,0 1,1 0,05 224,99834296831293
222,0 1,1500000000000001 0,05 222,49835179510097
223,0 1,2000000000000002 0,05 219,99836099794692
224,0 1,25 0,05 217,4983705747511
225,0 1,3 0,05 214,9983805233283
226,0 1,35 0,05 212,49839084140876
227,0 1,4000000000000001 0,05 209,99840152663825
228,0 1,4500000000000002 0,05 207,49841257657872
229,0 1,5 0,05 204,9984239887091
230,0 1,55 0,05 202,4984357604255
231,0 1,6 0,05 199,99844788904207
232,0 1,6500000000000001 0,05 197,49846037179154
233,0 1,7000000000000002 0,05 194,99847320582575
234,0 1,75 0,05 192,4984863882166
235,0 1,8 0,05 189,9984999159564
236,0 1,85 0,05 187,49851378595847
237,0 1,9000000000000001 0,05 184,99852799505825
238,0 1,9500000000000002 0,05 182,49854254001383
239,0 2,0 0,05 179,99855741750653
240,0 2,0500000000000003 0,05 177,49857262414199
241,0 2,1 0,05 174,99858815645052
242,0 2,15 0,05 172,49860401088824
243,0 2,2 0,05 169,99862018383786
244,0 2,25 0,05 167,49863667160918
245,0 2,3000000000000003 0,05 164,99865347044047
246,0 2,35 0,05 162,4986705764988
247,0 2,4000000000000004 0,05 159,99868798588128
248,0 2,45 0,05 157,49870569461567
249,0 2,5 0,05 154,99872369866148
250,0 2,5500000000000003 0,05 152,498741993911
251,0 2,6 0,05 149,99876057618982
252,0 2,6500000000000004 0,05 147,49877944125825
253,0 2,7 0,05 144,99879858481188
254,0 2,75 0,05 142,49881800248298
255,0 2,8000000000000003 0,05 139,9988376898412
256,0 2,85 0,05 137,49885764239457
257,0 2,9000000000000004 0,05 134,99887785559073
258,0 2,95 0,05 132,49889832481773
259,0 3,0 0,05 129,99891904540522
260,0 3,0500000000000003 0,05 127,49894001262567
261,0 3,1 0,05 124,9989612216951
262,0 3,1500000000000004 0,05 122,49898266777444
263,0 3,2 0,05 119,99900434597046
264,0 3,25 0,05 117,49902625133703
265,0 3,3000000000000003 0,05 114,99904837887617
266,0 3,35 0,05 112,49907072353916
267,0 3,4000000000000004 0,05 109,99909328022791
268,0 3,45 0,05 107,4991160437958
269,0 3,5 0,05 104,99913900904899
270,0 3,5500000000000003 0,05 102,49916217074772
271,0 3,6 0,05 99,99918552360735
272,0 3,6500000000000004 0,05 97,49920906229968
273,0 3,7 0,05 94,99923278145404
274,0 3,75 0,05 92,49925667565859
275,0 3,8000000000000003 0,05 89,99928073946157
276,0 3,85 0,05 87,4993049673726
277,0 3,9000000000000004 0,05 84,99932935386374
278,0 3,95 0,05 82,49935389337094
279,0 4,0 0,05 79,99937858029519
280,0 4,05 0,05 77,49940340900389
281,0 4,1000000000000005 0,05 74,99942837383205
282,0 4,15 0,05 72,49945346908373
283,0 4,2 0,05 69,99947868903314
284,0 4,25 0,05 67,49950402792605
285,0 4,3 0,05 64,99952947998104
286,0 4,3500000000000005 0,05 62,499555039390884
287,0 4,4 0,05 59,99958070032397
288,0 4,45 0,05 57,49960645692539
289,0 4,5 0,05 54,99963230331849
290,0 4,55 0,05 52,499658233606006
291,0 4,6000000000000005 0,05 49,99968424187158
292,0 4,65 0,05 47,49971032218104
293,0 4,7 0,05 44,99973646858353
294,0 4,75 0,05 42,49976267511277
295,0 4,800000000000001 0,05 39,999788935788004
296,0 4,8500000000000005 0,05 37,49981524461448
297,0 4,9 0,05 34,99984159558399
298,0 4,95 0,05 32,499867982709
299,0 0,025 0,07500000000000001 278,74824716521897
300,0 0,07500000000000001 0,07500000000000001 276,24824756514937
301,0 0,125 0,07500000000000001 273,74824836491916
302,0 0,17500000000000002 0,07500000000000001 271,2482495643456
303,0 0,225 0,07500000000000001 268,7482511631553
304,0 0,275 0,07500000000000001 266,24825316098344
305,0 0,32500000000000007 0,07500000000000001 263,748255557374
306,0 0,37500000000000006 0,07500000000000001 261,2482583517803
307,0 0,42500000000000004 0,07500000000000001 258,7482615435645
308,0 0,47500000000000003 0,07500000000000001 256,2482651319986
309,0 0,525 0,07500000000000001 253,7482691162638
310,0 0,5750000000000001 0,07500000000000001 251,24827349545123
311,0 0,6250000000000001 0,07500000000000001 248,74827826856165
312,0 0,675 0,07500000000000001 246,248283434506
313,0 0,7250000000000001 0,07500000000000001 243,74828899210576
314,0 0,775 0,07500000000000001 241,24829494009282
315,0 0,8250000000000001 0,07500000000000001 238,74830127711
316,0 0,8750000000000001 0,07500000000000001 236,2483080017114
317,0 0,925 0,07500000000000001 233,7483151123628
318,0 0,9750000000000001 0,07500000000000001 231,24832260744185
319,0 1,025 0,07500000000000001 228,74833048523828
320,0 1,075 0,07500000000000001 226,24833874395475
321,0 1,125 0,07500000000000001 223,74834738170694
322,0 1,175 0,07500000000000001 221,24835639652397
323,0 1,225 0,07500000000000001 218,74836578634904
324,0 1,275 0,07500000000000001 216,24837554903965
325,0 1,325 0,07500000000000001 213,7483856823685
326,0 1,375 0,07500000000000001 211,24839618402353
327,0 1,425 0,07500000000000001 208,7484070516085
328,0 1,475 0,07500000000000001 206,24841828264394
329,0 1,525 0,07500000000000001 203,74842987456728
330,0 1,575 0,07500000000000001 201,24844182473376
331,0 1,625 0,07500000000000001 198,74845413041675
332,0 1,675 0,07500000000000001 196,24846678880863
333,0 1,725 0,07500000000000001 193,74847979702122
334,0 1,775 0,07500000000000001 191,2484931520865
335,0 1,825 0,07500000000000001 188,7485068509574
336,0 1,875 0,07500000000000001 186,24852089050833
337,0 1,925 0,07500000000000001 183,748535267536
338,0 1,975 0,07500000000000001 181,2485499787602
339,0 2,025 0,07500000000000001 178,7485650208243
340,0 2,075 0,07500000000000001 176,2485803902963
341,0 2,125 0,07500000000000001 173,74859608366944
342,0 2,175 0,07500000000000001 171,2486120973631
343,0 2,225 0,07500000000000001 168,74862842772356
344,0 2,275 0,07500000000000001 166,24864507102487
345,0 2,325 0,07500000000000001 163,7486620234697
346,0 2,375 0,07500000000000001 161,2486792811901
347,0 2,4250000000000003 0,07500000000000001 158,7486968402485
348,0 2,475 0,07500000000000001 156,2487146966386
349,0 2,525 0,07500000000000001 153,7487328462863
350,0 2,575 0,07500000000000001 151,24875128505042
351,0 2,625 0,07500000000000001 148,74877000872408
352,0 2,6750000000000003 0,07500000000000001 146,2487890130351
353,0 2,725 0,07500000000000001 143,74880829364747
354,0 2,775 0,07500000000000001 141,24882784616216
355,0 2,825 0,07500000000000001 138,7488476661179
356,0 2,875 0,07500000000000001 136,2488677489927
357,0 2,9250000000000003 0,07500000000000001 133,74888809020428
358,0 2,975 0,07500000000000001 131,24890868511147
359,0 3,025 0,07500000000000001 128,74892952901547
360,0 3,075 0,07500000000000001 126,24895061716043
361,0 3,125 0,07500000000000001 123,74897194473482
362,0 3,1750000000000003 0,07500000000000001 121,2489935068725
363,0 3,225 0,07500000000000001 118,74901529865379
364,0 3,275 0,07500000000000001 116,24903731510665
365,0 3,325 0,07500000000000001 113,7490595512077
366,0 3,375 0,07500000000000001 111,2490820018836
367,0 3,4250000000000003 0,07500000000000001 108,74910466201189
368,0 3,475 0,07500000000000001 106,2491275264224
369,0 3,525 0,07500000000000001 103,74915058989836
370,0 3,575 0,07500000000000001 101,24917384717756
371,0 3,625 0,07500000000000001 98,74919729295355
372,0 3,6750000000000003 0,07500000000000001 96,2492209218769
373,0 3,725 0,07500000000000001 93,74924472855633
374,0 3,775 0,07500000000000001 91,2492687075601
375,0 3,825 0,07500000000000001 88,7492928534171
376,0 3,875 0,07500000000000001 86,2493171606182
377,0 3,9250000000000003 0,07500000000000001 83,74934162361735
378,0 3,975 0,07500000000000001 81,24936623683308
379,0 4,025 0,07500000000000001 78,7493909946495
380,0 4,075 0,07500000000000001 76,24941589141797
381,0 4,125000000000001 0,07500000000000001 73,74944092145789
382,0 4,175000000000001 0,07500000000000001 71,24946607905842
383,0 4,2250000000000005 0,07500000000000001 68,74949135847957
384,0 4,275 0,07500000000000001 66,24951675395353
385,0 4,325 0,07500000000000001 63,74954225968597
386,0 4,375000000000001 0,07500000000000001 61,2495678698574
387,0 4,425000000000001 0,07500000000000001 58,74959357862466
388,0 4,4750000000000005 0,07500000000000001 56,249619380121935
389,0 4,525 0,07500000000000001 53,749645268462274
390,0 4,575 0,07500000000000001 51,249671237738916
391,0 4,625000000000001 0,07500000000000001 48,74969728202655
392,0 4,675000000000001 0,07500000000000001 46,24972339538286
393,0 4,7250000000000005 0,07500000000000001 43,74974957184948
394,0 4,775 0,07500000000000001 41,24977580545341
395,0 4,825000000000001 0,07500000000000001 38,74980209020797
396,0 4,875000000000001 0,07500000000000001 36,24982842011389
397,0 4,925000000000001 0,07500000000000001 33,74985478916848
398,0 0,0 0,1 279,9982471652191
399,0 0,05 0,1 277,4982473651843
400,0 0,1 0,1 274,99824796503424
401,0 0,15000000000000002 0,1 272,4982489646324
402,0 0,2 0,1 269,99825036375046
403,0 0,25 0,1 267,4982521620694
404,0 0,30000000000000004 0,1 264,9982543591789
405,0 0,35000000000000003 0,1 262,4982569545773
406,0 0,4 0,1 259,9982599476725
407,0 0,45 0,1 257,4982633377817
408,0 0,5 0,1 254,99826712413127
409,0 0,55 0,1 252,49827130585766
410,0 0,6000000000000001 0,1 249,99827588200645
411,0 0,65 0,1 247,49828085153388
412,0 0,7000000000000001 0,1 244,99828621330593
413,0 0,75 0,1 242,49829196609934
414,0 0,8 0,1 239,99829810860152
415,0 0,8500000000000001 0,1 237,49830463941075
416,0 0,9 0,1 234,99831155703714
417,0 0,9500000000000001 0,1 232,49831885990238
418,0 1,0 0,1 229,99832654634017
419,0 1,05 0,1 227,49833461459653
420,0 1,1 0,1 224,99834306283088
421,0 1,1500000000000001 0,1 222,49835188911553
422,0 1,2000000000000002 0,1 219,99836109143658
423,0 1,25 0,1 217,49837066769433
424,0 1,3 0,1 214,99838061570415
425,0 1,35 0,1 212,49839093319602
426,0 1,4000000000000001 0,1 209,99840161781606
427,0 1,4500000000000002 0,1 207,49841266712627
428,0 1,5 0,1 204,9984240786056
429,0 1,55 0,1 202,49843584965052
430,0 1,6 0,1 199,99844797757527
431,0 1,6500000000000001 0,1 197,49846045961274
432,0 1,7000000000000002 0,1 194,998473292915
433,0 1,75 0,1 192,49848647455389
434,0 1,8 0,1 189,99850000152196
435,0 1,85 0,1 187,4985138707329
436,0 1,9000000000000001 0,1 184,99852807902215
437,0 1,9500000000000002 0,1 182,49854262314815
438,0 2,0 0,1 179,99855749979224
439,0 2,0500000000000003 0,1 177,49857270556035
440,0 2,1 0,1 174,9985882369829
441,0 2,15 0,1 172,49860409051627
442,0 2,2 0,1 169,99862026254334
443,0 2,25 0,1 167,4986367493742
444,0 2,3000000000000003 0,1 164,9986535472473
445,0 2,35 0,1 162,4986706523299
446,0 2,4000000000000004 0,1 159,99868806071933
447,0 2,45 0,1 157,49870576844359
448,0 2,5 0,1 154,9987237714624
449,0 2,5500000000000003 0,1 152,49874206566835
450,0 2,6 0,1 149,9987606468873
451,0 2,6500000000000004 0,1 147,49877951087961
452,0 2,7 0,1 144,99879865334134
453,0 2,75 0,1 142,49881806990484
454,0 2,8000000000000003 0,1 139,9988377561401
455,0 2,85 0,1 137,4988577075553
456,0 2,9000000000000004 0,1 134,99887791959847
457,0 2,95 0,1 132,4988983876579
458,0 3,0 0,1 129,99891910706347
459,0 3,0500000000000003 0,1 127,49894007308797
460,0 3,1 0,1 124,99896128094764
461,0 3,1500000000000004 0,1 122,49898272580369
462,0 3,2 0,1 119,99900440276318
463,0 3,25 0,1 117,49902630688021
464,0 3,3000000000000003 0,1 114,99904843315716
465,0 3,35 0,1 112,49907077654565
466,0 3,4000000000000004 0,1 109,99909333194776
467,0 3,45 0,1 107,49911609421719
468,0 3,5 0,1 104,99913905816038
469,0 3,5500000000000003 0,1 102,49916221853799
470,0 3,6 0,1 99,99918557006555
471,0 3,6500000000000004 0,1 97,49920910741524
472,0 3,7 0,1 94,99923282521664
473,0 3,75 0,1 92,49925671805822
474,0 3,8000000000000003 0,1 89,99928078048862
475,0 3,85 0,1 87,49930500701764
476,0 3,9000000000000004 0,1 84,9993293921178
477,0 3,95 0,1 82,49935393022525
478,0 4,0 0,1 79,9993786157413
479,0 4,05 0,1 77,49940344303376
480,0 4,1000000000000005 0,1 74,99942840643794
481,0 4,15 0,1 72,49945350025818
482,0 4,2 0,1 69,99947871876903
483,0 4,25 0,1 67,49950405621657
484,0 4,3 0,1 64,99952950681977
485,0 4,3500000000000005 0,1 62,4995550647717
486,0 4,4 0,1 59,999580724241056
487,0 4,45 0,1 57,499606479373334
488,0 4,5 0,1 54,99963232429216
489,0 4,55 0,1 52,499658253100684
490,0 4,6000000000000005 0,1 49,999684259882926
491,0 4,65 0,1 47,499710338705164
492,0 4,7 0,1 44,99973648361716
493,0 4,75 0,1 42,499762688653654
494,0 4,800000000000001 0,1 39,999788947835576
495,0 4,8500000000000005 0,1 37,499815255171676
496,0 4,9 0,1 34,999841604659565
497,0 4,95 0,1 32,49986799028729
498,0 0,025 0,125 278,74824726520177
499,0 0,07500000000000001 0,125 276,2482476651093
500,0 0,125 0,125 273,74824846483335
501,0 0,17500000000000002 0,125 271,2482496641914
502,0 0,225 0,125 268,74825126290995
503,0 0,275 0,125 266,2482532606242
504,0 0,32500000000000007 0,125 263,74825565687814
505,0 0,37500000000000006 0,125 261,248258451125
506,0 0,42500000000000004 0,125 258,7482616427272
507,0 0,47500000000000003 0,125 256,2482652309565
508,0 0,525 0,125 253,74826921499454
509,0 0,5750000000000001 0,125 251,24827359393214
510,0 0,6250000000000001 0,125 248,74827836677017
511,0 0,675 0,125 246,24828353241992
512,0 0,7250000000000001 0,125 243,7482890897026
513,0 0,775 0,125 241,24829503735046
514,0 0,8250000000000001 0,125 238,7483013740062
515,0 0,8750000000000001 0,125 236,24830809822396
516,0 0,925 0,125 233,74831520846985
517,0 0,9750000000000001 0,125 231,24832270312132
518,0 1,025 0,125 228,7483305804685
519,0 1,075 0,125 226,2483388387139
520,0 1,125 0,125 223,74834747597333
521,0 1,175 0,125 221,2483564902761
522,0 1,225 0,125 218,74836587956545
523,0 1,275 0,125 216,24837564169934
524,0 1,325 0,125 213,74838577445018
525,0 1,375 0,125 211,2483962755061
526,0 1,425 0,125 208,74840714247122
527,0 1,475 0,125 206,24841837286596
528,0 1,525 0,125 203,74842996412815
529,0 1,575 0,125 201,24844191361296
530,0 1,625 0,125 198,7484542185941
531,0 1,675 0,125 196,24846687626393
532,0 1,725 0,125 193,7484798837345
533,0 1,775 0,125 191,24849323803804
534,0 1,825 0,125 188,74850693612754
535,0 1,875 0,125 186,24852097487764
536,0 1,925 0,125 183,74853535108525
537,0 1,975 0,125 181,24855006147018
538,0 2,025 0,125 178,74856510267634
539,0 2,075 0,125 176,24858047127157
540,0 2,125 0,125 173,74859616374954
541,0 2,175 0,125 171,2486121765298
542,0 2,225 0,125 168,74862850595875
543,0 2,275 0,125 166,24864514831077
544,0 2,325 0,125 163,74866209978856
545,0 2,375 0,125 161,2486793565246
546,0 2,4250000000000003 0,125 158,74869691458144
547,0 2,475 0,125 156,248714769953
548,0 2,525 0,125 153,74873291856542
549,0 2,575 0,125 151,2487513562778
550,0 2,625 0,125 148,7487700788835
551,0 2,6750000000000003 0,125 146,24878908211045
552,0 2,725 0,125 143,74880836162308
553,0 2,775 0,125 141,2488279130225
554,0 2,825 0,125 138,74884773184766
555,0 2,875 0,125 136,2488678135769
556,0 2,9250000000000003 0,125 133,74888815362817
557,0 2,975 0,125 131,24890874736067
558,0 3,025 0,125 128,74892959007576
559,0 3,075 0,125 126,24895067701779
560,0 3,125 0,125 123,74897200337568
561,0 3,1750000000000003 0,125 121,24899356428338
562,0 3,225 0,125 118,74901535482168
563,0 3,275 0,125 116,24903737001871
564,0 3,325 0,125 113,74905960485138
565,0 3,375 0,125 111,24908205424673
566,0 3,4250000000000003 0,125 108,74910471308246
567,0 3,475 0,125 106,24912757618877
568,0 3,525 0,125 103,74915063834919
569,0 3,575 0,125 101,24917389430176
570,0 3,625 0,125 98,74919733874043
571,0 3,6750000000000003 0,125 96,24922096631592
572,0 3,725 0,125 93,74924477163742
573,0 3,775 0,125 91,24926874927344
574,0 3,825 0,125 88,74929289375312
575,0 3,875 0,125 86,24931719956776
576,0 3,9250000000000003 0,125 83,74934166117151
577,0 3,975 0,125 81,24936627298328
578,0 4,025 0,125 78,74939102938751
579,0 4,075 0,125 76,24941592473587
580,0 4,125000000000001 0,125 73,74944095334806
581,0 4,175000000000001 0,125 71,24946610951359
582,0 4,2250000000000005 0,125 68,74949138749278
583,0 4,275 0,125 66,24951678151815
584,0 4,325 0,125 63,74954228579575
585,0 4,375000000000001 0,125 61,249567894506356
586,0 4,425000000000001 0,125 58,74959360180719
587,0 4,4750000000000005 0,125 56,24961940183275
588,0 4,525 0,125 53,749645288696456
589,0 4,575 0,125 51,24967125649195
590,0 4,625000000000001 0,125 48,7496972992943
591,0 4,675000000000001 0,125 46,249723411161746
592,0 4,7250000000000005 0,125 43,749749586136744
593,0 4,775 0,125 41,24977581824764
594,0 4,825000000000001 0,125 38,749802101510355
595,0 4,875000000000001 0,125 36,24982842993028
596,0 4,925000000000001 0,125 33,74985479749542
597,0 0,0 0,15000000000000002 279,9982472652018
598,0 0,05 0,15000000000000002 277,49824746515554
599,0 0,1 0,15000000000000002 274,9982480649714
600,0 0,15000000000000002 0,15000000000000002 272,4982490645124
601,0 0,2 0,15000000000000002 269,9982504635507
602,0 0,25 0,15000000000000002 267,4982522617671
603,0 0,30000000000000004 0,15000000000000002 264,9982544587512
604,0 0,35000000000000003 0,15000000000000002 262,4982570540016
605,0 0,4 0,15000000000000002 259,99826004692613
606,0 0,45 0,15000000000000002 257,4982634368419
607,0 0,5 0,15000000000000002 254,99826722297553
608,0 0,55 0,15000000000000002 252,49827140446337
609,0 0,6000000000000001 0,15000000000000002 249,99827598035117
610,0 0,65 0,15000000000000002 247,49828094959508
611,0 0,7000000000000001 0,15000000000000002 244,99828631106138
612,0 0,75 0,15000000000000002 242,49829206352666
613,0 0,8 0,15000000000000002 239,99829820567834
614,0 0,8500000000000001 0,15000000000000002 237,49830473611513
615,0 0,9 0,15000000000000002 234,99831165334695
616,0 0,9500000000000001 0,15000000000000002 232,49831895579564
617,0 1,0 0,15000000000000002 229,99832664179496
618,0 1,05 0,15000000000000002 227,49833470959123
619,0 1,1 0,15000000000000002 224,9983431573437
620,0 1,1500000000000001 0,15000000000000002 222,49835198312485
621,0 1,2000000000000002 0,15000000000000002 219,99836118492087
622,0 1,25 0,15000000000000002 217,49837076063247
623,0 1,3 0,15000000000000002 214,99838070807482
624,0 1,35 0,15000000000000002 212,49839102497822
625,0 1,4000000000000001 0,15000000000000002 209,99840170898872
626,0 1,4500000000000002 0,15000000000000002 207,49841275766866
627,0 1,5 0,15000000000000002 204,9984241684971
628,0 1,55 0,15000000000000002 202,4984359388706
629,0 1,6 0,15000000000000002 199,9984480661036
630,0 1,6500000000000001 0,15000000000000002 197,4984605474291
631,0 1,7000000000000002 0,15000000000000002 194,99847337999924
632,0 1,75 0,15000000000000002 192,49848656088633
633,0 1,8 0,15000000000000002 189,99850008708285
634,0 1,85 0,15000000000000002 187,49851395550266
635,0 1,9000000000000001 0,15000000000000002 184,99852816298153
636,0 1,9500000000000002 0,15000000000000002 182,49854270627776
637,0 2,0 0,15000000000000002 179,99855758207326
638,0 2,0500000000000003 0,15000000000000002 177,49857278697394
639,0 2,1 0,15000000000000002 174,9985883175106
640,0 2,15 0,15000000000000002 172,49860417013963
641,0 2,2 0,15000000000000002 169,9986203412442
642,0 2,25 0,15000000000000002 167,49863682713476
643,0 2,3000000000000003 0,15000000000000002 164,99865362404964
644,0 2,35 0,15000000000000002 162,49867072815655
645,0 2,4000000000000004 0,15000000000000002 159,99868813555298
646,0 2,45 0,15000000000000002 157,49870584226724
647,0 2,5 0,15000000000000002 154,9987238442592
648,0 2,5500000000000003 0,15000000000000002 152,49874213742157
649,0 2,6 0,15000000000000002 149,99876071758064
650,0 2,6500000000000004 0,15000000000000002 147,49877958049692
651,0 2,7 0,15000000000000002 144,9987987218668
652,0 2,75 0,15000000000000002 142,49881813732276
653,0 2,8000000000000003 0,15000000000000002 139,99883782243506
654,0 2,85 0,15000000000000002 137,49885777271226
655,0 2,9000000000000004 0,15000000000000002 134,9988779836025
656,0 2,95 0,15000000000000002 132,49889845049444
657,0 3,0 0,15000000000000002 129,9989191687182
658,0 3,0500000000000003 0,15000000000000002 127,49894013354675
659,0 3,1 0,15000000000000002 124,99896134019673
660,0 3,1500000000000004 0,15000000000000002 122,49898278382953
661,0 3,2 0,15000000000000002 119,99900445955254
662,0 3,25 0,15000000000000002 117,4990263624202
663,0 3,3000000000000003 0,15000000000000002 114,99904848743503
664,0 3,35 0,15000000000000002 112,49907082954904
665,0 3,4000000000000004 0,15000000000000002 109,99909338366456
666,0 3,45 0,15000000000000002 107,49911614463561
667,0 3,5 0,15000000000000002 104,99913910726896
668,0 3,5500000000000003 0,15000000000000002 102,49916226632543
669,0 3,6 0,15000000000000002 99,99918561652109
670,0 3,6500000000000004 0,15000000000000002 97,49920915252814
671,0 3,7 0,15000000000000002 94,99923286897668
672,0 3,75 0,15000000000000002 92,49925676045542
673,0 3,8000000000000003 0,15000000000000002 89,99928082151327
674,0 3,85 0,15000000000000002 87,49930504666042
675,0 3,9000000000000004 0,15000000000000002 84,99932943036961
676,0 3,95 0,15000000000000002 82,49935396707741
677,0 4,0 0,15000000000000002 79,99937865118541
678,0 4,05 0,15000000000000002 77,49940347706172
679,0 4,1000000000000005 0,15000000000000002 74,99942843904199
680,0 4,15 0,15000000000000002 72,49945353143086
681,0 4,2 0,15000000000000002 69,99947874850322
682,0 4,25 0,15000000000000002 67,4995040845055
683,0 4,3 0,15000000000000002 64,99952953365697
684,0 4,3500000000000005 0,15000000000000002 62,49955509015105
685,0 4,4 0,15000000000000002 59,999580748156816
686,0 4,45 0,15000000000000002 57,499606501820004
687,0 4,5 0,15000000000000002 54,99963234526466
688,0 4,55 0,15000000000000002 52,49965827259429
689,0 4,6000000000000005 0,15000000000000002 49,99968427789327
690,0 4,65 0,15000000000000002 47,49971035522836
691,0 4,7 0,15000000000000002 44,99973649864995
692,0 4,75 0,15000000000000002 42,499762702193756
693,0 4,800000000000001 0,15000000000000002 39,999788959882466
694,0 4,8500000000000005 0,15000000000000002 37,49981526572827
695,0 4,9 0,15000000000000002 34,99984161373461
696,0 4,95 0,15000000000000002 32,49986799786515
697,0 0,025 0,17500000000000002 278,74824736517866
698,0 0,07500000000000001 0,17500000000000002 276,2482477650634
699,0 0,125 0,17500000000000002 273,74824856474186
700,0 0,17500000000000002 0,17500000000000002 271,2482497640315
701,0 0,225 0,17500000000000002 268,7482513626589
702,0 0,275 0,17500000000000002 266,2482533602592
703,0 0,32500000000000007 0,17500000000000002 263,7482557563764
704,0 0,37500000000000006 0,17500000000000002 261,24825855046385
705,0 0,42500000000000004 0,17500000000000002 258,74826174188405
706,0 0,47500000000000003 0,17500000000000002 256,24826532990875
707,0 0,525 0,17500000000000002 253,74826931371945
708,0 0,5750000000000001 0,17500000000000002 251,2482736924073
709,0 0,6250000000000001 0,17500000000000002 248,7482784649731
710,0 0,675 0,17500000000000002 246,24828363032822
711,0 0,7250000000000001 0,17500000000000002 243,74828918729406
712,0 0,775 0,17500000000000002 241,24829513460256
713,0 0,8250000000000001 0,17500000000000002 238,7483014708968
714,0 0,8750000000000001 0,17500000000000002 236,24830819473107
715,0 0,925 0,17500000000000002 233,74831530457132
716,0 0,9750000000000001 0,17500000000000002 231,24832279879536
717,0 1,025 0,17500000000000002 228,74833067569318
718,0 1,075 0,17500000000000002 226,2483389334676
719,0 1,125 0,17500000000000002 223,7483475702344
720,0 1,175 0,17500000000000002 221,24835658402296
721,0 1,225 0,17500000000000002 218,74836597277672
722,0 1,275 0,17500000000000002 216,24837573435377
723,0 1,325 0,17500000000000002 213,7483858665266
724,0 1,375 0,17500000000000002 211,24839636698357
725,0 1,425 0,17500000000000002 208,74840723332875
726,0 1,475 0,17500000000000002 206,2484184630829
727,0 1,525 0,17500000000000002 203,74843005368393
728,0 1,575 0,17500000000000002 201,24844200248717
729,0 1,625 0,17500000000000002 198,74845430676643
730,0 1,675 0,17500000000000002 196,24846696371424
731,0 1,725 0,17500000000000002 193,74847997044282
732,0 1,775 0,17500000000000002 191,24849332398463
733,0 1,825 0,17500000000000002 188,74850702129282
734,0 1,875 0,17500000000000002 186,24852105924217
735,0 1,925 0,17500000000000002 183,7485354346297
736,0 1,975 0,17500000000000002 181,24855014417554
737,0 2,025 0,17500000000000002 178,7485651845236
738,0 2,075 0,17500000000000002 176,2485805522423
739,0 2,125 0,17500000000000002 173,7485962438251
740,0 2,175 0,17500000000000002 171,2486122556919
741,0 2,225 0,17500000000000002 168,74862858418948
742,0 2,275 0,17500000000000002 166,2486452255922
743,0 2,325 0,17500000000000002 163,7486621761031
744,0 2,375 0,17500000000000002 161,24867943185478
745,0 2,4250000000000003 0,17500000000000002 158,74869698891013
746,0 2,475 0,17500000000000002 156,24871484326323
747,0 2,525 0,17500000000000002 153,7487329908404
748,0 2,575 0,17500000000000002 151,2487514275011
749,0 2,625 0,17500000000000002 148,74877014903876
750,0 2,6750000000000003 0,17500000000000002 146,24878915118185
751,0 2,725 0,17500000000000002 143,74880842959476
752,0 2,775 0,17500000000000002 141,2488279798789
753,0 2,825 0,17500000000000002 138,74884779757363
754,0 2,875 0,17500000000000002 136,2488678781574
755,0 2,9250000000000003 0,17500000000000002 133,74888821704846
756,0 2,975 0,17500000000000002 131,24890880960632
757,0 3,025 0,17500000000000002 128,7489296511325
758,0 3,075 0,17500000000000002 126,24895073687173
759,0 3,125 0,17500000000000002 123,74897206201314
760,0 3,1750000000000003 0,17500000000000002 121,248993621691
761,0 3,225 0,17500000000000002 118,74901541098637
762,0 3,275 0,17500000000000002 116,24903742492762
763,0 3,325 0,17500000000000002 113,74905965849203
764,0 3,375 0,17500000000000002 111,24908210660679
765,0 3,4250000000000003 0,17500000000000002 108,74910476415008
766,0 3,475 0,17500000000000002 106,24912762595227
767,0 3,525 0,17500000000000002 103,74915068679721
768,0 3,575 0,17500000000000002 101,24917394142325
769,0 3,625 0,17500000000000002 98,74919738452462
770,0 3,6750000000000003 0,17500000000000002 96,2492210107524
771,0 3,725 0,17500000000000002 93,74924481471605
772,0 3,775 0,17500000000000002 91,24926879098436
773,0 3,825 0,17500000000000002 88,74929293408684
774,0 3,875 0,17500000000000002 86,24931723851502
775,0 3,9250000000000003 0,17500000000000002 83,74934169872353
776,0 3,975 0,17500000000000002 81,2493663091314
777,0 4,025 0,17500000000000002 78,74939106412354
778,0 4,075 0,17500000000000002 76,24941595805186
779,0 4,125000000000001 0,17500000000000002 73,74944098523639
780,0 4,175000000000001 0,17500000000000002 71,24946613996701
781,0 4,2250000000000005 0,17500000000000002 68,74949141650434
782,0 4,275 0,17500000000000002 66,24951680908121
783,0 4,325 0,17500000000000002 63,74954231190402
784,0 4,375000000000001 0,17500000000000002 61,249567919153904
785,0 4,425000000000001 0,17500000000000002 58,74959362498839
786,0 4,4750000000000005 0,17500000000000002 56,24961942354231
787,0 4,525 0,17500000000000002 53,74964530892947
788,0 4,575 0,17500000000000002 51,24967127524384
789,0 4,625000000000001 0,17500000000000002 48,74969731656091
790,0 4,675000000000001 0,17500000000000002 46,249723426939376
791,0 4,7250000000000005 0,17500000000000002 43,74974960042239
792,0 4,775 0,17500000000000002 41,24977583103937
793,0 4,825000000000001 0,17500000000000002 38,7498021128082
794,0 4,875000000000001 0,17500000000000002 36,249828439738835
795,0 4,925000000000001 0,17500000000000002 33,74985480584271
796,0 0,0 0,2 279,99824736517866
797,0 0,05 0,2 277,498247565121
798,0 0,1 0,2 274,99824816490263
799,0 0,15000000000000002 0,2 272,49824916438666
800,0 0,2 0,2 269,9982505633452
801,0 0,25 0,2 267,49825236145904
802,0 0,30000000000000004 0,2 264,99825455831785
803,0 0,35000000000000003 0,2 262,4982571534201
804,0 0,4 0,2 259,99826014617395
805,0 0,45 0,2 257,49826353589646
806,0 0,5 0,2 254,99826732181407
807,0 0,55 0,2 252,49827150306336
808,0 0,6000000000000001 0,2 249,99827607869025
809,0 0,65 0,2 247,4982810476506
810,0 0,7000000000000001 0,2 244,99828640881114
811,0 0,75 0,2 242,4982921609483
812,0 0,8 0,2 239,9982983027497
813,0 0,8500000000000001 0,2 237,49830483281397
814,0 0,9 0,2 234,99831174965118
815,0 0,9500000000000001 0,2 232,49831905168338
816,0 1,0 0,2 229,99832673724427
817,0 1,05 0,2 227,49833480458048
818,0 1,1 0,2 224,99834325185103
819,0 1,1500000000000001 0,2 222,49835207712877
820,0 1,2000000000000002 0,2 219,99836127839984
821,0 1,25 0,2 217,4983708535653
822,0 1,3 0,2 214,9983808004402
823,0 1,35 0,2 212,4983911167551
824,0 1,4000000000000001 0,2 209,9984018001562
825,0 1,4500000000000002 0,2 207,49841284820585
826,0 1,5 0,2 204,99842425838344
827,0 1,55 0,2 202,4984360280856
828,0 1,6 0,2 199,99844815462683
829,0 1,6500000000000001 0,2 197,49846063524038
830,0 1,7000000000000002 0,2 194,99847346707853
831,0 1,75 0,2 192,49848664721372
832,0 1,8 0,2 189,99850017263876
833,0 1,85 0,2 187,49851404026754
834,0 1,9000000000000001 0,2 184,99852824693596
835,0 1,9500000000000002 0,2 182,49854278940265
836,0 2,0 0,2 179,99855766434956
837,0 2,0500000000000003 0,2 177,49857286838292
838,0 2,1 0,2 174,9985883980337
839,0 2,15 0,2 172,4986042497585
840,0 2,2 0,2 169,99862041994066
841,0 2,25 0,2 167,49863690489082
842,0 2,3000000000000003 0,2 164,99865370084765
843,0 2,35 0,2 162,49867080397894
844,0 2,4000000000000004 0,2 159,99868821038243
845,0 2,45 0,2 157,4987059160867
846,0 2,5 0,2 154,99872391705182
847,0 2,5500000000000003 0,2 152,49874220917073
848,0 2,6 0,2 149,99876078826995
849,0 2,6500000000000004 0,2 147,49877965011027
850,0 2,7 0,2 144,99879879038832
851,0 2,75 0,2 142,4988182047368
852,0 2,8000000000000003 0,2 139,99883788872623
853,0 2,85 0,2 137,4988578378655
854,0 2,9000000000000004 0,2 134,99887804760291
855,0 2,95 0,2 132,49889851332742
856,0 3,0 0,2 129,99891923036938
857,0 3,0500000000000003 0,2 127,4989401940021
858,0 3,1 0,2 124,99896139944245
859,0 3,1500000000000004 0,2 122,49898284185203
860,0 3,2 0,2 119,99900451633867
861,0 3,25 0,2 117,499026417957
862,0 3,3000000000000003 0,2 114,99904854170981
863,0 3,35 0,2 112,49907088254939
864,0 3,4000000000000004 0,2 109,99909343537841
865,0 3,45 0,2 107,49911619505117
866,0 3,5 0,2 104,99913915637474
867,0 3,5500000000000003 0,2 102,49916231411022
868,0 3,6 0,2 99,99918566297391
869,0 3,6500000000000004 0,2 97,49920919763849
870,0 3,7 0,2 94,99923291273423
871,0 3,75 0,2 92,4992568028502
872,0 3,8000000000000003 0,2 89,99928086253558
873,0 3,85 0,2 87,49930508630094
874,0 3,9000000000000004 0,2 84,99932946861927
875,0 3,95 0,2 82,49935400392746
876,0 4,0 0,2 79,9993786866275
877,0 4,05 0,2 77,4994035110877
878,0 4,1000000000000005 0,2 74,99942847164412
879,0 4,15 0,2 72,49945356260172
880,0 4,2 0,2 69,9994787782357
881,0 4,25 0,2 67,49950411279279
882,0 4,3 0,2 64,99952956049263
883,0 4,3500000000000005 0,2 62,499555115528956
884,0 4,4 0,2 59,99958077207117
885,0 4,45 0,2 57,499606524265374
886,0 4,5 0,2 54,999632366235915
887,0 4,55 0,2 52,49965829208668
888,0 4,6000000000000005 0,2 49,999684295902384
889,0 4,65 0,2 47,49971037175017
890,0 4,7 0,2 44,99973651368091
891,0 4,75 0,2 42,49976271573091
892,0 4,800000000000001 0,2 39,999788971923785
893,0 4,8500000000000005 0,2 37,49981527627354
894,0 4,9 0,2 34,99984162279079
895,0 4,95 0,2 32,49986800554427
