896
0,0 0,0 0,0 33,94490767835674
1,0 0,05 0,0 31,587213740360735
2,0 0,1 0,0 29,51125639452755
3,0 0,15000000000000002 0,0 27,708581642456295
4,0 0,2 0,0 26,165657712858447
5,0 0,25 0,0 24,864654906848767
6,0 0,30000000000000004 0,0 23,784430436961344
7,0 0,35000000000000003 0,0 22,90162866391449
8,0 0,4 0,0 22,191802972408652
9,0 0,45 0,0 21,63047233798158
10,0 0,5 0,0 21,194041502781012
11,0 0,55 0,0 20,86053553398184
12,0 0,6000000000000001 0,0 20,610123805636647
13,0 0,65 0,0 20,425431681876905
14,0 0,7000000000000001 0,0 20,29165762163556
15,0 0,75 0,0 20,196527319490123
16,0 0,8 0,0 20,130124202904707
17,0 0,8500000000000001 0,0 20,084637480568574
18,0 0,9 0,0 20,054066070989393
19,0 0,9500000000000001 0,0 20,033910626046726
20,0 1,0 0,0 20,0208780663825
21,0 1,05 0,0 20,012614946483296
22,0 1,1 0,0 20,007478606154223
23,0 1,1500000000000001 0,0 20,004349079147303
24,0 1,2000000000000002 0,0 20,002480379432996
25,0 1,25 0,0 20,001387033595904
26,0 1,3 0,0 20,000760341270567
27,0 1,35 0,0 20,000408496198876
28,0 1,4000000000000001 0,0 20,000215045648943
29,0 1,4500000000000002 0,0 20,00011090258574
30,0 1,5 0,0 20,00005601777287
31,0 1,55 0,0 20,00002770685712
32,0 1,6 0,0 20,00001341618756
33,0 1,6500000000000001 0,0 20,000006358481066
34,0 1,7000000000000002 0,0 20,000002948903653
35,0 1,75 0,0 20,000001337979864
36,0 1,8 0,0 20,00000059376869
37,0 1,85 0,0 20,00000025766683
38,0 1,9000000000000001 0,0 20,00000010931145
39,0 1,9500000000000002 0,0 20,000000045324033
40,0 2,0 0,0 20,000000018362616
41,0 2,0500000000000003 0,0 20,00000000726723
42,0 2,1 0,0 20,000000002808765
43,0 2,15 0,0 20,00000000105988
44,0 2,2 0,0 20,00000000039038
45,0 2,25 0,0 20,00000000014032
46,0 2,3000000000000003 0,0 20,00000000004922
47,0 2,35 0,0 20,00000000001686
48,0 2,4000000000000004 0,0 20,000000000005652
49,0 2,45 0,0 20,00000000000187
50,0 2,5 0,0 20,000000000000615
51,0 2,5500000000000003 0,0 20,000000000000206
52,0 2,6 0,0 20,000000000000075
53,0 2,6500000000000004 0,0 20,000000000000032
54,0 2,7 0,0 20,00000000000002
55,0 2,75 0,0 20,00000000000001
56,0 2,8000000000000003 0,0 20,000000000000004
57,0 2,85 0,0 19,999999999999996
58,0 2,9000000000000004 0,0 19,999999999999996
59,0 2,95 0,0 20,0
60,0 3,0 0,0 19,999999999999996
61,0 3,0500000000000003 0,0 19,999999999999996
62,0 3,1 0,0 19,999999999999996
63,0 3,1500000000000004 0,0 19,999999999999996
64,0 3,2 0,0 20,0
65,0 3,25 0,0 19,999999999999996
66,0 3,3000000000000003 0,0 19,999999999999996
67,0 3,35 0,0 19,999999999999996
68,0 3,4000000000000004 0,0 19,999999999999996
69,0 3,45 0,0 20,0
70,0 3,5 0,0 19,999999999999996
71,0 3,5500000000000003 0,0 19,999999999999996
72,0 3,6 0,0 19,999999999999996
73,0 3,6500000000000004 0,0 19,999999999999996
74,0 3,7 0,0 20,0
75,0 3,75 0,0 19,999999999999996
76,0 3,8000000000000003 0,0 19,999999999999996
77,0 3,85 0,0 19,999999999999996
78,0 3,9000000000000004 0,0 19,999999999999996
79,0 3,95 0,0 20,0
80,0 4,0 0,0 20,0
81,0 4,05 0,0 19,999999999999996
82,0 4,1000000000000005 0,0 20,0
83,0 4,15 0,0 19,999999999999986
84,0 4,2 0,0 19,999999999999982
85,0 4,25 0,0 19,999999999999982
86,0 4,3 0,0 19,99999999999999
87,0 4,3500000000000005 0,0 20,0
88,0 4,4 0,0 19,999999999999986
89,0 4,45 0,0 19,999999999999982
90,0 4,5 0,0 19,999999999999982
91,0 4,55 0,0 19,99999999999999
92,0 4,6000000000000005 0,0 20,0
93,0 4,65 0,0 19,999999999999986
94,0 4,7 0,0 19,999999999999982
95,0 4,75 0,0 19,999999999999986
96,0 4,800000000000001 0,0 20,0
97,0 4,8500000000000005 0,0 19,999999999999982
98,0 4,9 0,0 19,999999999999982
99,0 4,95 0,0 19,999999999999982
100,0 0,025 0,025 32,76606070582002
101,0 0,07500000000000001 0,025 30,549235063976653
102,0 0,125 0,025 28,609919015162646
103,0 0,17500000000000002 0,025 26,937119674525174
104,0 0,225 0,025 25,515156306966215
105,0 0,275 0,025 24,324542669297024
106,0 0,32500000000000007 0,025 23,343029548129778
107,0 0,37500000000000006 0,025 22,546715816160134
108,0 0,42500000000000004 0,025 21,911137653494762
109,0 0,47500000000000003 0,025 21,412256918966012
110,0 0,525 0,025 21,02728851722736
111,0 0,5750000000000001 0,025 20,73532966888733
112,0 0,6250000000000001 0,025 20,51777774303534
113,0 0,675 0,025 20,358544651203218
114,0 0,7250000000000001 0,025 20,24409247014762
115,0 0,775 0,025 20,163325760892064
116,0 0,8250000000000001 0,025 20,107380841516722
117,0 0,8750000000000001 0,025 20,069351775623872
118,0 0,925 0,025 20,04398834841092
119,0 0,9750000000000001 0,025 20,02739434614216
120,0 1,025 0,025 20,016746506384926
121,0 1,075 0,025 20,01004677628766
122,0 1,125 0,025 20,00591384263103
123,0 1,175 0,025 20,003414729277896
124,0 1,225 0,025 20,001933706507
125,0 1,275 0,025 20,0010736874288
126,0 1,325 0,025 20,000584418732142
127,0 1,375 0,025 20,00031177092244
128,0 1,425 0,025 20,000162974116524
129,0 1,475 0,025 20,000083460178857
130,0 1,525 0,025 20,00004186231476
131,0 1,575 0,025 20,000020561522216
132,0 1,625 0,025 20,00000988733425
133,0 1,675 0,025 20,00000465369233
134,0 1,725 0,025 20,000002143441744
135,0 1,775 0,025 20,000000965874268
136,0 1,825 0,025 20,000000425717754
137,0 1,875 0,025 20,00000018348914
138,0 1,925 0,025 20,000000077317743
139,0 1,975 0,025 20,000000031843328
140,0 2,025 0,025 20,000000012814926
141,0 2,075 0,025 20,000000005038004
142,0 2,125 0,025 20,000000001934325
143,0 2,175 0,025 20,000000000725134
144,0 2,225 0,025 20,000000000265356
145,0 2,275 0,025 20,000000000094772
146,0 2,325 0,025 20,000000000033044
147,0 2,375 0,025 20,00000000001126
148,0 2,4250000000000003 0,025 20,000000000003766
149,0 2,475 0,025 20,000000000001243
150,0 2,525 0,025 20,000000000000412
151,0 2,575 0,025 20,000000000000142
152,0 2,625 0,025 20,000000000000057
153,0 2,6750000000000003 0,025 20,00000000000003
154,0 2,725 0,025 20,000000000000018
155,0 2,775 0,025 20,00000000000001
156,0 2,825 0,025 20,0
157,0 2,875 0,025 20,0
158,0 2,9250000000000003 0,025 20,0
159,0 2,975 0,025 20,0
160,0 3,025 0,025 20,0
161,0 3,075 0,025 20,0
162,0 3,125 0,025 20,0
163,0 3,1750000000000003 0,025 20,0
164,0 3,225 0,025 20,0
165,0 3,275 0,025 20,0
166,0 3,325 0,025 20,0
167,0 3,375 0,025 20,0
168,0 3,4250000000000003 0,025 20,0
169,0 3,475 0,025 20,0
170,0 3,525 0,025 20,0
171,0 3,575 0,025 20,0
172,0 3,625 0,025 20,0
173,0 3,6750000000000003 0,025 20,0
174,0 3,725 0,025 20,0
175,0 3,775 0,025 20,0
176,0 3,825 0,025 20,0
177,0 3,875 0,025 20,0
178,0 3,9250000000000003 0,025 20,0
179,0 3,975 0,025 20,0
180,0 4,025 0,025 19,999999999999996
181,0 4,075 0,025 20,0
182,0 4,125000000000001 0,025 19,99999999999999
183,0 4,175000000000001 0,025 19,999999999999986
184,0 4,2250000000000005 0,025 19,999999999999982
185,0 4,275 0,025 19,999999999999986
186,0 4,325 0,025 20,0
187,0 4,375000000000001 0,025 19,99999999999999
188,0 4,425000000000001 0,025 19,999999999999986
189,0 4,4750000000000005 0,025 19,999999999999982
190,0 4,525 0,025 19,999999999999986
191,0 4,575 0,025 20,0
192,0 4,625000000000001 0,025 19,99999999999999
193,0 4,675000000000001 0,025 19,999999999999986
194,0 4,7250000000000005 0,025 19,999999999999986
195,0 4,775 0,025 19,999999999999996
196,0 4,825000000000001 0,025 19,99999999999999
197,0 4,875000000000001 0,025 19,999999999999982
198,0 4,925000000000001 0,025 19,999999999999982
199,0 0,0 0,05 34,01606069977904
200,0 0,05 0,05 31,65764787891816
201,0 0,1 0,05 29,579577033768242
202,0 0,15000000000000002 0,05 27,773519339328686
203,0 0,2 0,05 26,22613798560765
204,0 0,25 0,05 24,919849483440977
205,0 0,30000000000000004 0,05 23,83378610451719
206,0 0,35000000000000003 0,05 22,94487267846651
207,0 0,4 0,05 22,22892673166777
208,0 0,45 0,05 21,661697283571026
209,0 0,5 0,05 21,219772715903602
210,0 0,55 0,05 20,881309091285374
211,0 0,6000000000000001 0,05 20,626553704558635
212,0 0,65 0,05 20,43816119603146
213,0 0,7000000000000001 0,05 20,301318559848976
214,0 0,75 0,05 20,203709114904797
215,0 0,8 0,05 20,13535330075605
216,0 0,8500000000000001 0,05 20,088366308250183
217,0 0,9 0,05 20,056670061793554
218,0 0,9500000000000001 0,05 20,03569134712325
219,0 1,0 0,05 20,022070426160752
220,0 1,05 0,05 20,0133966412688
221,0 1,1 0,05 20,007980309415956
222,0 1,1500000000000001 0,05 20,00466428592716
223,0 1,2000000000000002 0,05 20,002674217875626
224,0 1,25 0,05 20,00150369695776
225,0 1,3 0,05 20,000829053074483
226,0 1,35 0,05 20,000448094823835
227,0 1,4000000000000001 0,05 20,000237372517528
228,0 1,4500000000000002 0,05 20,000123217146605
229,0 1,5 0,05 20,000062661246222
230,0 1,55 0,05 20,000031211918174
231,0 1,6 0,05 20,00001522442807
232,0 1,6500000000000001 0,05 20,00000727051321
233,0 1,7000000000000002 0,05 20,000003398566996
234,0 1,75 0,05 20,000001554657985
235,0 1,8 0,05 20,000000695795997
236,0 1,85 0,05 20,00000030460344
237,0 1,9000000000000001 0,05 20,00000013040344
238,0 1,9500000000000002 0,05 20,000000054580532
239,0 2,0 0,05 20,000000022329125
240,0 2,0500000000000003 0,05 20,00000000892647
241,0 2,1 0,05 20,000000003486168
242,0 2,15 0,05 20,00000000132973
243,0 2,2 0,05 20,000000000495245
244,0 2,25 0,05 20,000000000180062
245,0 2,3000000000000003 0,05 20,00000000006391
246,0 2,35 0,05 20,00000000002215
247,0 2,4000000000000004 0,05 20,00000000000751
248,0 2,45 0,05 20,000000000002508
249,0 2,5 0,05 20,000000000000828
250,0 2,5500000000000003 0,05 20,000000000000277
251,0 2,6 0,05 20,000000000000103
252,0 2,6500000000000004 0,05 20,00000000000005
253,0 2,7 0,05 20,00000000000003
254,0 2,75 0,05 20,00000000000001
255,0 2,8000000000000003 0,05 20,000000000000007
256,0 2,85 0,05 20,000000000000004
257,0 2,9000000000000004 0,05 20,000000000000007
258,0 2,95 0,05 20,000000000000007
259,0 3,0 0,05 20,000000000000004
260,0 3,0500000000000003 0,05 20,000000000000007
261,0 3,1 0,05 20,000000000000004
262,0 3,1500000000000004 0,05 20,000000000000007
263,0 3,2 0,05 20,000000000000007
264,0 3,25 0,05 20,000000000000004
265,0 3,3000000000000003 0,05 20,000000000000007
266,0 3,35 0,05 20,000000000000004
267,0 3,4000000000000004 0,05 20,000000000000007
268,0 3,45 0,05 20,000000000000007
269,0 3,5 0,05 20,000000000000004
270,0 3,5500000000000003 0,05 20,000000000000007
271,0 3,6 0,05 20,000000000000004
272,0 3,6500000000000004 0,05 20,000000000000007
273,0 3,7 0,05 20,000000000000007
274,0 3,75 0,05 20,000000000000004
275,0 3,8000000000000003 0,05 20,000000000000007
276,0 3,85 0,05 20,000000000000004
277,0 3,9000000000000004 0,05 20,000000000000007
278,0 3,95 0,05 20,000000000000007
279,0 4,0 0,05 20,0
280,0 4,05 0,05 19,999999999999996
281,0 4,1000000000000005 0,05 19,999999999999996
282,0 4,15 0,05 19,99999999999999
283,0 4,2 0,05 19,99999999999999
284,0 4,25 0,05 19,99999999999999
285,0 4,3 0,05 19,999999999999996
286,0 4,3500000000000005 0,05 19,999999999999996
287,0 4,4 0,05 19,99999999999999
288,0 4,45 0,05 19,99999999999999
289,0 4,5 0,05 19,99999999999999
290,0 4,55 0,05 19,999999999999996
291,0 4,6000000000000005 0,05 19,999999999999996
292,0 4,65 0,05 19,99999999999999
293,0 4,7 0,05 19,99999999999999
294,0 4,75 0,05 19,999999999999993
295,0 4,800000000000001 0,05 19,999999999999993
296,0 4,8500000000000005 0,05 19,999999999999986
297,0 4,9 0,05 19,999999999999986
298,0 4,95 0,05 19,999999999999982
299,0 0,025 0,07500000000000001 32,836854282093206
300,0 0,07500000000000001 0,07500000000000001 30,618612449232394
301,0 0,125 0,07500000000000001 28,676548179718278
302,0 0,17500000000000002 0,07500000000000001 26,999828656038353
303,0 0,225 0,07500000000000001 25,57299372859218
304,0 0,275 0,07500000000000001 24,376817788615398
305,0 0,32500000000000007 0,07500000000000001 23,389329386739075
306,0 0,37500000000000006 0,07500000000000001 22,58689970093997
307,0 0,42500000000000004 0,07500000000000001 21,945312004107304
308,0 0,47500000000000003 0,07500000000000001 21,44073499680861
309,0 0,525 0,07500000000000001 21,050540901201376
310,0 0,5750000000000001 0,07500000000000001 20,753931396005928
311,0 0,6250000000000001 0,07500000000000001 20,532357448791892
312,0 0,675 0,07500000000000001 20,369739876784863
313,0 0,7250000000000001 0,07500000000000001 20,25251383650688
314,0 0,775 0,07500000000000001 20,169531207188616
315,0 0,8250000000000001 0,07500000000000001 20,11185980403932
316,0 0,8750000000000001 0,07500000000000001 20,07251818469357
317,0 0,925 0,07500000000000001 20,046180704230792
318,0 0,9750000000000001 0,07500000000000001 20,028880886487453
319,0 1,025 0,07500000000000001 20,017733533612002
320,0 1,075 0,07500000000000001 20,010688475275455
321,0 1,125 0,07500000000000001 20,006322297628888
322,0 1,175 0,07500000000000001 20,00366925187476
323,0 1,225 0,07500000000000001 20,002088957400424
324,0 1,275 0,07500000000000001 20,001166375006388
325,0 1,325 0,07500000000000001 20,00063857394346
326,0 1,375 0,07500000000000001 20,000342733667413
327,0 1,425 0,07500000000000001 20,000180294830237
328,0 1,475 0,07500000000000001 20,000092939195415
329,0 1,525 0,07500000000000001 20,000046936581658
330,0 1,575 0,07500000000000001 20,000023218172835
331,0 1,625 0,07500000000000001 20,00001124747049
332,0 1,675 0,07500000000000001 20,000005334540027
333,0 1,725 0,07500000000000001 20,00000247661246
334,0 1,775 0,07500000000000001 20,000001125226973
335,0 1,825 0,07500000000000001 20,000000500199707
336,0 1,875 0,07500000000000001 20,00000021750343
337,0 1,925 0,07500000000000001 20,000000092491987
338,0 1,975 0,07500000000000001 20,000000038454836
339,0 2,025 0,07500000000000001 20,000000015627805
340,0 2,075 0,07500000000000001 20,000000006206328
341,0 2,125 0,07500000000000001 20,000000002407955
342,0 2,175 0,07500000000000001 20,000000000912493
343,0 2,225 0,07500000000000001 20,000000000337664
344,0 2,275 0,07500000000000001 20,000000000121993
345,0 2,325 0,07500000000000001 20,000000000043038
346,0 2,375 0,07500000000000001 20,000000000014836
347,0 2,4250000000000003 0,07500000000000001 20,000000000005016
348,0 2,475 0,07500000000000001 20,000000000001677
349,0 2,525 0,07500000000000001 20,000000000000558
350,0 2,575 0,07500000000000001 20,0000000000002
351,0 2,625 0,07500000000000001 20,00000000000008
352,0 2,6750000000000003 0,07500000000000001 20,000000000000046
353,0 2,725 0,07500000000000001 20,00000000000003
354,0 2,775 0,07500000000000001 20,000000000000018
355,0 2,825 0,07500000000000001 20,00000000000001
356,0 2,875 0,07500000000000001 20,000000000000014
357,0 2,9250000000000003 0,07500000000000001 20,000000000000014
358,0 2,975 0,07500000000000001 20,00000000000001
359,0 3,025 0,07500000000000001 20,000000000000014
360,0 3,075 0,07500000000000001 20,00000000000001
361,0 3,125 0,07500000000000001 20,000000000000014
362,0 3,1750000000000003 0,07500000000000001 20,000000000000014
363,0 3,225 0,07500000000000001 20,00000000000001
364,0 3,275 0,07500000000000001 20,000000000000014
365,0 3,325 0,07500000000000001 20,00000000000001
366,0 3,375 0,07500000000000001 20,000000000000014
367,0 3,4250000000000003 0,07500000000000001 20,000000000000014
368,0 3,475 0,07500000000000001 20,00000000000001
369,0 3,525 0,07500000000000001 20,000000000000014
370,0 3,575 0,07500000000000001 20,00000000000001
371,0 3,625 0,07500000000000001 20,000000000000014
372,0 3,6750000000000003 0,07500000000000001 20,000000000000014
373,0 3,725 0,07500000000000001 20,00000000000001
374,0 3,775 0,07500000000000001 20,000000000000014
375,0 3,825 0,07500000000000001 20,00000000000001
376,0 3,875 0,07500000000000001 20,000000000000014
377,0 3,9250000000000003 0,07500000000000001 20,000000000000014
378,0 3,975 0,07500000000000001 20,00000000000001
379,0 4,025 0,07500000000000001 19,999999999999996
380,0 4,075 0,07500000000000001 19,999999999999996
381,0 4,125000000000001 0,07500000000000001 19,999999999999993
382,0 4,175000000000001 0,07500000000000001 19,999999999999993
383,0 4,2250000000000005 0,07500000000000001 19,999999999999993
384,0 4,275 0,07500000000000001 19,999999999999993
385,0 4,325 0,07500000000000001 19,999999999999996
386,0 4,375000000000001 0,07500000000000001 19,999999999999993
387,0 4,425000000000001 0,07500000000000001 19,999999999999993
388,0 4,4750000000000005 0,07500000000000001 19,999999999999993
389,0 4,525 0,07500000000000001 19,999999999999993
390,0 4,575 0,07500000000000001 19,999999999999996
391,0 4,625000000000001 0,07500000000000001 19,999999999999993
392,0 4,675000000000001 0,07500000000000001 19,999999999999993
393,0 4,7250000000000005 0,07500000000000001 19,999999999999993
394,0 4,775 0,07500000000000001 19,999999999999996
395,0 4,825000000000001 0,07500000000000001 19,999999999999986
396,0 4,875000000000001 0,07500000000000001 19,999999999999986
397,0 4,925000000000001 0,07500000000000001 19,999999999999986
398,0 0,0 0,1 34,08685427483781
399,0 0,05 0,1 31,727733358479703
400,0 0,1 0,1 29,647580307504835
401,0 0,15000000000000002 0,1 27,838188411248314
402,0 0,2 0,1 26,28641118613429
403,0 0,25 0,1 24,97490575295588
404,0 0,30000000000000004 0,1 23,88307358261901
405,0 0,35000000000000003 0,1 22,988114539399554
406,0 0,4 0,1 22,266105848704004
407,0 0,45 0,1 21,69302349723756
408,0 0,5 0,1 21,245637946344086
409,0 0,55 0,1 20,902236146449063
410,0 0,6000000000000001 0,1 20,643144420689296
411,0 0,65 0,1 20,45104866145912
412,0 0,7000000000000001 0,1 20,311126855633187
413,0 0,75 0,1 20,211022521091838
414,0 0,8 0,1 20,14069550506117
415,0 0,8500000000000001 0,1 20,092188993970392
416,0 0,9 0,1 20,05934944418422
417,0 0,9500000000000001 0,1 20,03753079516804
418,0 1,0 0,1 20,02330720992107
419,0 1,05 0,1 20,014211004358884
420,0 1,1 0,1 20,008505386397378
421,0 1,1500000000000001 0,1 20,00499577471718
422,0 1,2000000000000002 0,1 20,002879104616152
423,0 1,25 0,1 20,001627666190405
424,0 1,3 0,1 20,00090247446721
425,0 1,35 0,1 20,00049065380096
426,0 1,4000000000000001 0,1 20,000261514246283
427,0 1,4500000000000002 0,1 20,000136617011417
428,0 1,5 0,1 20,000069937887766
429,0 1,55 0,1 20,00003507737684
430,0 1,6 0,1 20,000017232821456
431,0 1,6500000000000001 0,1 20,00000829100515
432,0 1,7000000000000002 0,1 20,000003905576197
433,0 1,75 0,1 20,00000180091969
434,0 1,8 0,1 20,00000081271333
435,0 1,85 0,1 20,000000358851565
436,0 1,9000000000000001 0,1 20,00000015499771
437,0 1,9500000000000002 0,1 20,00000006547342
438,0 2,0 0,1 20,000000027041324
439,0 2,0500000000000003 0,1 20,00000001091707
440,0 2,1 0,1 20,00000000430715
441,0 2,15 0,1 20,00000000166023
442,0 2,2 0,1 20,000000000625086
443,0 2,25 0,1 20,00000000022983
444,0 2,3000000000000003 0,1 20,00000000008252
445,0 2,35 0,1 20,000000000028937
446,0 2,4000000000000004 0,1 20,00000000000993
447,0 2,45 0,1 20,000000000003354
448,0 2,5 0,1 20,00000000000112
449,0 2,5500000000000003 0,1 20,000000000000387
450,0 2,6 0,1 20,000000000000142
451,0 2,6500000000000004 0,1 20,000000000000068
452,0 2,7 0,1 20,000000000000043
453,0 2,75 0,1 20,00000000000002
454,0 2,8000000000000003 0,1 20,000000000000018
455,0 2,85 0,1 20,00000000000001
456,0 2,9000000000000004 0,1 20,000000000000018
457,0 2,95 0,1 20,000000000000018
458,0 3,0 0,1 20,00000000000001
459,0 3,0500000000000003 0,1 20,000000000000018
460,0 3,1 0,1 20,00000000000001
461,0 3,1500000000000004 0,1 20,000000000000018
462,0 3,2 0,1 20,000000000000018
463,0 3,25 0,1 20,00000000000001
464,0 3,3000000000000003 0,1 20,000000000000018
465,0 3,35 0,1 20,00000000000001
466,0 3,4000000000000004 0,1 20,000000000000018
467,0 3,45 0,1 20,000000000000018
468,0 3,5 0,1 20,00000000000001
469,0 3,5500000000000003 0,1 20,000000000000018
470,0 3,6 0,1 20,00000000000001
471,0 3,6500000000000004 0,1 20,000000000000018
472,0 3,7 0,1 20,000000000000018
473,0 3,75 0,1 20,00000000000001
474,0 3,8000000000000003 0,1 20,000000000000018
475,0 3,85 0,1 20,00000000000001
476,0 3,9000000000000004 0,1 20,000000000000018
477,0 3,95 0,1 20,000000000000018
478,0 4,0 0,1 20,000000000000004
479,0 4,05 0,1 19,999999999999996
480,0 4,1000000000000005 0,1 19,999999999999996
481,0 4,15 0,1 19,999999999999996
482,0 4,2 0,1 19,999999999999996
483,0 4,25 0,1 19,999999999999996
484,0 4,3 0,1 19,999999999999996
485,0 4,3500000000000005 0,1 19,999999999999996
486,0 4,4 0,1 19,999999999999996
487,0 4,45 0,1 19,999999999999996
488,0 4,5 0,1 19,999999999999996
489,0 4,55 0,1 19,999999999999996
490,0 4,6000000000000005 0,1 19,999999999999996
491,0 4,65 0,1 19,999999999999996
492,0 4,7 0,1 19,999999999999996
493,0 4,75 0,1 19,999999999999996
494,0 4,800000000000001 0,1 19,99999999999999
495,0 4,8500000000000005 0,1 19,999999999999986
496,0 4,9 0,1 19,999999999999982
497,0 4,95 0,1 19,99999999999998
498,0 0,025 0,125 32,907293810496746
499,0 0,07500000000000001 0,125 30,687656826951837
500,0 0,125 0,125 28,742884353572197
501,0 0,17500000000000002 0,125 27,06229979322388
502,0 0,225 0,125 25,630658464496793
503,0 0,275 0,125 24,42898966321831
504,0 0,32500000000000007 0,125 23,435594056955665
505,0 0,37500000000000006 0,125 22,627110190526764
506,0 0,42500000000000004 0,125 21,979564669966255
507,0 0,47500000000000003 0,125 21,469330719280812
508,0 0,525 0,125 21,073937044341424
509,0 0,5750000000000001 0,125 20,77269028192002
510,0 0,6250000000000001 0,125 20,547096539777282
511,0 0,675 0,125 20,38108775754667
512,0 0,7250000000000001 0,125 20,261074687607714
513,0 0,775 0,125 20,175859012517975
514,0 0,8250000000000001 0,125 20,116442249110833
515,0 0,8750000000000001 0,125 20,075769218789652
516,0 0,925 0,125 20,048440119475956
517,0 0,9750000000000001 0,125 20,030419002408088
518,0 1,025 0,125 20,018759107048858
519,0 1,075 0,125 20,011358195318543
520,0 1,125 0,125 20,006750580519117
521,0 1,175 0,125 20,00393743964273
522,0 1,225 0,125 20,002253385388578
523,0 1,275 0,125 20,001265070319974
524,0 1,325 0,125 20,000696564128887
525,0 1,375 0,125 20,00037608402063
526,0 1,425 0,125 20,000199065627164
527,0 1,475 0,125 20,00010327744866
528,0 1,525 0,125 20,000052507631807
529,0 1,575 0,125 20,000026155098894
530,0 1,625 0,125 20,000012761913176
531,0 1,675 0,125 20,000006098290612
532,0 1,725 0,125 20,000002853247913
533,0 1,775 0,125 20,0000013068165
534,0 1,825 0,125 20,000000585782445
535,0 1,875 0,125 20,000000256924643
536,0 1,925 0,125 20,00000011023557
537,0 1,975 0,125 20,00000004625737
538,0 2,025 0,125 20,0000000189792
539,0 2,075 0,125 20,000000007612105
540,0 2,125 0,125 20,00000000298369
541,0 2,175 0,125 20,00000000114266
542,0 2,225 0,125 20,000000000427455
543,0 2,275 0,125 20,000000000156177
544,0 2,325 0,125 20,000000000055728
545,0 2,375 0,125 20,000000000019437
546,0 2,4250000000000003 0,125 20,00000000000664
547,0 2,475 0,125 20,000000000002235
548,0 2,525 0,125 20,000000000000753
549,0 2,575 0,125 20,000000000000263
550,0 2,625 0,125 20,000000000000107
551,0 2,6750000000000003 0,125 20,000000000000053
552,0 2,725 0,125 20,00000000000003
553,0 2,775 0,125 20,00000000000002
554,0 2,825 0,125 20,00000000000001
555,0 2,875 0,125 20,000000000000014
556,0 2,9250000000000003 0,125 20,000000000000014
557,0 2,975 0,125 20,00000000000001
558,0 3,025 0,125 20,000000000000014
559,0 3,075 0,125 20,00000000000001
560,0 3,125 0,125 20,000000000000014
561,0 3,1750000000000003 0,125 20,000000000000014
562,0 3,225 0,125 20,00000000000001
563,0 3,275 0,125 20,000000000000014
564,0 3,325 0,125 20,00000000000001
565,0 3,375 0,125 20,000000000000014
566,0 3,4250000000000003 0,125 20,000000000000014
567,0 3,475 0,125 20,00000000000001
568,0 3,525 0,125 20,000000000000014
569,0 3,575 0,125 20,00000000000001
570,0 3,625 0,125 20,000000000000014
571,0 3,6750000000000003 0,125 20,000000000000014
572,0 3,725 0,125 20,00000000000001
573,0 3,775 0,125 20,000000000000014
574,0 3,825 0,125 20,00000000000001
575,0 3,875 0,125 20,000000000000014
576,0 3,9250000000000003 0,125 20,000000000000014
577,0 3,975 0,125 20,000000000000007
578,0 4,025 0,125 20,0
579,0 4,075 0,125 20,0
580,0 4,125000000000001 0,125 20,0
581,0 4,175000000000001 0,125 20,0
582,0 4,2250000000000005 0,125 20,0
583,0 4,275 0,125 20,0
584,0 4,325 0,125 20,0
585,0 4,375000000000001 0,125 20,0
586,0 4,425000000000001 0,125 20,0
587,0 4,4750000000000005 0,125 20,0
588,0 4,525 0,125 20,0
589,0 4,575 0,125 20,0
590,0 4,625000000000001 0,125 20,0
591,0 4,675000000000001 0,125 20,0
592,0 4,7250000000000005 0,125 20,0
593,0 4,775 0,125 20,0
594,0 4,825000000000001 0,125 19,999999999999993
595,0 4,875000000000001 0,125 19,999999999999986
596,0 4,925000000000001 0,125 19,999999999999986
597,0 0,0 0,15000000000000002 34,157293806139535
598,0 0,05 0,15000000000000002 31,797475314410075
599,0 0,1 0,15000000000000002 29,715270586074247
600,0 0,15000000000000002 0,15000000000000002 27,902592069412854
601,0 0,2 0,15000000000000002 26,34647912514247
602,0 0,25 0,15000000000000002 25,029824060457276
603,0 0,30000000000000004 0,15000000000000002 23,932291857038386
604,0 0,35000000000000003 0,15000000000000002 23,03135212106176
605,0 0,4 0,15000000000000002 22,30333742793797
606,0 0,45 0,15000000000000002 21,72444769267385
607,0 0,5 0,15000000000000002 21,271633880197086
608,0 0,55 0,15000000000000002 20,923313661821055
609,0 0,6000000000000001 0,15000000000000002 20,659893409807054
610,0 0,65 0,15000000000000002 20,464092147850078
611,0 0,7000000000000001 0,15000000000000002 20,321081221956963
612,0 0,75 0,15000000000000002 20,218466849598514
613,0 0,8 0,15000000000000002 20,146150630473763
614,0 0,8500000000000001 0,15000000000000002 20,09610573370537
615,0 0,9 0,15000000000000002 20,062104668960334
616,0 0,9500000000000001 0,15000000000000002 20,039429560823006
617,0 1,0 0,15000000000000002 20,024589054648015
618,0 1,05 0,15000000000000002 20,015058651130417
619,0 1,1 0,15000000000000002 20,009054387884273
620,0 1,1500000000000001 0,15000000000000002 20,00534401005897
621,0 1,2000000000000002 0,15000000000000002 20,003095412502
622,0 1,25 0,15000000000000002 20,00175922784596
623,0 1,3 0,15000000000000002 20,000980817219475
624,0 1,35 0,15000000000000002 20,000536324071867
625,0 1,4000000000000001 0,15000000000000002 20,000287574822245
626,0 1,4500000000000002 0,15000000000000002 20,00015117153699
627,0 1,5 0,15000000000000002 20,000077892539736
628,0 1,55 0,15000000000000002 20,000039331365084
629,0 1,6 0,15000000000000002 20,0000194585059
630,0 1,6500000000000001 0,15000000000000002 20,000009430101827
631,0 1,7000000000000002 0,15000000000000002 20,000004475769234
632,0 1,75 0,15000000000000002 20,000002080032196
633,0 1,8 0,15000000000000002 20,000000946299473
634,0 1,85 0,15000000000000002 20,000000421353548
635,0 1,9000000000000001 0,15000000000000002 20,00000018358011
636,0 1,9500000000000002 0,15000000000000002 20,000000078246476
637,0 2,0 0,15000000000000002 20,00000003261828
638,0 2,0500000000000003 0,15000000000000002 20,000000013295647
639,0 2,1 0,15000000000000002 20,000000005297903
640,0 2,15 0,15000000000000002 20,000000002063175
641,0 2,2 0,15000000000000002 20,000000000785057
642,0 2,25 0,15000000000000002 20,000000000291813
643,0 2,3000000000000003 0,15000000000000002 20,00000000010595
644,0 2,35 0,15000000000000002 20,000000000037577
645,0 2,4000000000000004 0,15000000000000002 20,000000000013035
646,0 2,45 0,15000000000000002 20,000000000004444
647,0 2,5 0,15000000000000002 20,000000000001496
648,0 2,5500000000000003 0,15000000000000002 20,000000000000504
649,0 2,6 0,15000000000000002 20,00000000000018
650,0 2,6500000000000004 0,15000000000000002 20,000000000000078
651,0 2,7 0,15000000000000002 20,000000000000043
652,0 2,75 0,15000000000000002 20,00000000000002
653,0 2,8000000000000003 0,15000000000000002 20,00000000000001
654,0 2,85 0,15000000000000002 20,000000000000007
655,0 2,9000000000000004 0,15000000000000002 20,00000000000001
656,0 2,95 0,15000000000000002 20,00000000000001
657,0 3,0 0,15000000000000002 20,000000000000007
658,0 3,0500000000000003 0,15000000000000002 20,000000000000007
659,0 3,1 0,15000000000000002 20,000000000000007
660,0 3,1500000000000004 0,15000000000000002 20,00000000000001
661,0 3,2 0,15000000000000002 20,00000000000001
662,0 3,25 0,15000000000000002 20,000000000000007
663,0 3,3000000000000003 0,15000000000000002 20,000000000000007
664,0 3,35 0,15000000000000002 20,000000000000007
665,0 3,4000000000000004 0,15000000000000002 20,00000000000001
666,0 3,45 0,15000000000000002 20,00000000000001
667,0 3,5 0,15000000000000002 20,000000000000007
668,0 3,5500000000000003 0,15000000000000002 20,000000000000007
669,0 3,6 0,15000000000000002 20,000000000000007
670,0 3,6500000000000004 0,15000000000000002 20,00000000000001
671,0 3,7 0,15000000000000002 20,00000000000001
672,0 3,75 0,15000000000000002 20,000000000000007
673,0 3,8000000000000003 0,15000000000000002 20,000000000000007
674,0 3,85 0,15000000000000002 20,000000000000007
675,0 3,9000000000000004 0,15000000000000002 20,00000000000001
676,0 3,95 0,15000000000000002 20,00000000000001
677,0 4,0 0,15000000000000002 20,000000000000007
678,0 4,05 0,15000000000000002 20,0
679,0 4,1000000000000005 0,15000000000000002 20,0
680,0 4,15 0,15000000000000002 20,0
681,0 4,2 0,15000000000000002 20,0
682,0 4,25 0,15000000000000002 20,0
683,0 4,3 0,15000000000000002 20,0
684,0 4,3500000000000005 0,15000000000000002 20,0
685,0 4,4 0,15000000000000002 20,0
686,0 4,45 0,15000000000000002 20,0
687,0 4,5 0,15000000000000002 20,0
688,0 4,55 0,15000000000000002 20,0
689,0 4,6000000000000005 0,15000000000000002 20,0
690,0 4,65 0,15000000000000002 20,0
691,0 4,7 0,15000000000000002 20,0
692,0 4,75 0,15000000000000002 20,0
693,0 4,800000000000001 0,15000000000000002 20,0
694,0 4,8500000000000005 0,15000000000000002 19,999999999999996
695,0 4,9 0,15000000000000002 19,999999999999993
696,0 4,95 0,15000000000000002 19,999999999999986
697,0 0,025 0,17500000000000002 32,97738455810694
698,0 0,07500000000000001 0,17500000000000002 30,756372948116656
699,0 0,125 0,17500000000000002 28,80893132570031
700,0 0,17500000000000002 0,17500000000000002 27,1245355953519
701,0 0,225 0,17500000000000002 25,688151591020343
702,0 0,275 0,17500000000000002 24,481057957135615
703,0 0,32500000000000007 0,17500000000000002 23,481821987618062
704,0 0,37500000000000006 0,17500000000000002 22,667344773252868
705,0 0,42500000000000004 0,17500000000000002 22,013892559241352
706,0 0,47500000000000003 0,17500000000000002 21,49804078554454
707,0 0,525 0,17500000000000002 21,09747377027815
708,0 0,5750000000000001 0,17500000000000002 20,791603535226244
709,0 0,6250000000000001 0,17500000000000002 20,561992778365195
710,0 0,675 0,17500000000000002 20,39258668454549
711,0 0,7250000000000001 0,17500000000000002 20,2697740355066
712,0 0,775 0,17500000000000002 20,182308739834898
713,0 0,8250000000000001 0,17500000000000002 20,12112818194319
714,0 0,8750000000000001 0,17500000000000002 20,07910520122852
715,0 0,925 0,17500000000000002 20,0507671148188
716,0 0,9750000000000001 0,17500000000000002 20,032009307685644
717,0 1,025 0,17500000000000002 20,019823852855787
718,0 1,075 0,17500000000000002 20,01205651948539
719,0 1,125 0,17500000000000002 20,007199198957494
720,0 1,175 0,17500000000000002 20,00421971127158
721,0 1,225 0,17500000000000002 20,002427320168483
722,0 1,275 0,17500000000000002 20,0013700225294
723,0 1,325 0,17500000000000002 20,00075857064371
724,0 1,375 0,17500000000000002 20,00041194944592
725,0 1,425 0,17500000000000002 20,000219373178975
726,0 1,475 0,17500000000000002 20,00011453203801
727,0 1,525 0,17500000000000002 20,00005861195222
728,0 1,575 0,17500000000000002 20,000029394935396
729,0 1,625 0,17500000000000002 20,000014444303815
730,0 1,675 0,17500000000000002 20,000006952935507
731,0 1,725 0,17500000000000002 20,000003277900703
732,0 1,775 0,17500000000000002 20,00000151316583
733,0 1,825 0,17500000000000002 20,000000683826514
734,0 1,875 0,17500000000000002 20,000000302466834
735,0 1,925 0,17500000000000002 20,000000130913293
736,0 1,975 0,17500000000000002 20,00000005543238
737,0 2,025 0,17500000000000002 20,000000022956968
738,0 2,075 0,17500000000000002 20,000000009296773
739,0 2,125 0,17500000000000002 20,00000000368054
740,0 2,175 0,17500000000000002 20,000000001424112
741,0 2,225 0,17500000000000002 20,000000000538435
742,0 2,275 0,17500000000000002 20,00000000019888
743,0 2,325 0,17500000000000002 20,000000000071765
744,0 2,375 0,17500000000000002 20,00000000002531
745,0 2,4250000000000003 0,17500000000000002 20,00000000000874
746,0 2,475 0,17500000000000002 20,00000000000297
747,0 2,525 0,17500000000000002 20,000000000001002
748,0 2,575 0,17500000000000002 20,00000000000034
749,0 2,625 0,17500000000000002 20,000000000000128
750,0 2,6750000000000003 0,17500000000000002 20,000000000000064
751,0 2,725 0,17500000000000002 20,000000000000036
752,0 2,775 0,17500000000000002 20,000000000000014
753,0 2,825 0,17500000000000002 20,000000000000007
754,0 2,875 0,17500000000000002 20,00000000000001
755,0 2,9250000000000003 0,17500000000000002 20,000000000000007
756,0 2,975 0,17500000000000002 20,000000000000007
757,0 3,025 0,17500000000000002 20,0
758,0 3,075 0,17500000000000002 20,000000000000004
759,0 3,125 0,17500000000000002 20,00000000000001
760,0 3,1750000000000003 0,17500000000000002 20,000000000000007
761,0 3,225 0,17500000000000002 20,000000000000007
762,0 3,275 0,17500000000000002 20,0
763,0 3,325 0,17500000000000002 20,000000000000004
764,0 3,375 0,17500000000000002 20,00000000000001
765,0 3,4250000000000003 0,17500000000000002 20,000000000000007
766,0 3,475 0,17500000000000002 20,000000000000007
767,0 3,525 0,17500000000000002 20,0
768,0 3,575 0,17500000000000002 20,000000000000004
769,0 3,625 0,17500000000000002 20,00000000000001
770,0 3,6750000000000003 0,17500000000000002 20,000000000000007
771,0 3,725 0,17500000000000002 20,000000000000007
772,0 3,775 0,17500000000000002 20,0
773,0 3,825 0,17500000000000002 20,000000000000004
774,0 3,875 0,17500000000000002 20,00000000000001
775,0 3,9250000000000003 0,17500000000000002 20,000000000000007
776,0 3,975 0,17500000000000002 20,000000000000007
777,0 4,025 0,17500000000000002 20,0
778,0 4,075 0,17500000000000002 20,0
779,0 4,125000000000001 0,17500000000000002 20,0
780,0 4,175000000000001 0,17500000000000002 20,0
781,0 4,2250000000000005 0,17500000000000002 20,0
782,0 4,275 0,17500000000000002 20,0
783,0 4,325 0,17500000000000002 20,0
784,0 4,375000000000001 0,17500000000000002 20,0
785,0 4,425000000000001 0,17500000000000002 20,0
786,0 4,4750000000000005 0,17500000000000002 20,0
787,0 4,525 0,17500000000000002 20,0
788,0 4,575 0,17500000000000002 20,0
789,0 4,625000000000001 0,17500000000000002 20,0
790,0 4,675000000000001 0,17500000000000002 20,0
791,0 4,7250000000000005 0,17500000000000002 20,0
792,0 4,775 0,17500000000000002 20,0
793,0 4,825000000000001 0,17500000000000002 20,0
794,0 4,875000000000001 0,17500000000000002 20,0
795,0 4,925000000000001 0,17500000000000002 19,999999999999996
796,0 0,0 0,2 34,22738455810694
797,0 0,05 0,2 31,8668787531118
798,0 0,1 0,2 29,782652136908485
799,0 0,15000000000000002 0,2 27,966733460526108
800,0 0,2 0,2 26,406343593186126
801,0 0,25 0,2 25,08460477407798
802,0 0,30000000000000004 0,2 23,98143997237684
803,0 0,35000000000000003 0,2 23,07458338043547
804,0 0,4 0,2 22,34061866624711
805,0 0,45 0,2 21,755966672392947
806,0 0,5 0,2 21,297757277911348
807,0 0,55 0,2 20,9445386527522
808,0 0,6000000000000001 0,2 20,676798156795726
809,0 0,65 0,2 20,477289731455343
810,0 0,7000000000000001 0,2 20,33118036002605
811,0 0,75 0,2 20,226041387670747
812,0 0,8 0,2 20,151718460889047
813,0 0,8500000000000001 0,2 20,10011669158586
814,0 0,9 0,2 20,06493615802366
815,0 0,9500000000000001 0,2 20,041388211252226
816,0 1,0 0,2 20,025916580270717
817,0 1,05 0,2 20,015940186170592
818,0 1,1 0,2 20,009627859221446
819,0 1,1500000000000001 0,2 20,00570945511454
820,0 1,2000000000000002 0,2 20,003323515720034
821,0 1,25 0,2 20,001898671348943
822,0 1,3 0,2 20,00106429658656
823,0 1,35 0,2 20,00058526004482
824,0 1,4000000000000001 0,2 20,00031566131245
825,0 1,4500000000000002 0,2 20,00016695260849
826,0 1,5 0,2 20,000086571995116
827,0 1,55 0,2 20,00004400344381
828,0 1,6 0,2 20,00002191961961
829,0 1,6500000000000001 0,2 20,00001069861966
830,0 1,7000000000000002 0,2 20,000005115418105
831,0 1,75 0,2 20,00000239553327
832,0 1,8 0,2 20,000001098496174
833,0 1,85 0,2 20,00000049314668
834,0 1,9000000000000001 0,2 20,000000216690065
835,0 1,9500000000000002 0,2 20,000000093172837
836,0 2,0 0,2 20,000000039194674
837,0 2,0500000000000003 0,2 20,00000001612687
838,0 2,1 0,2 20,000000006488662
839,0 2,15 0,2 20,000000002552326
840,0 2,2 0,2 20,00000000098127
841,0 2,25 0,2 20,000000000368658
842,0 2,3000000000000003 0,2 20,00000000013532
843,0 2,35 0,2 20,000000000048537
844,0 2,4000000000000004 0,2 20,00000000001702
845,0 2,45 0,2 20,000000000005855
846,0 2,5 0,2 20,000000000001982
847,0 2,5500000000000003 0,2 20,000000000000668
848,0 2,6 0,2 20,00000000000023
849,0 2,6500000000000004 0,2 20,000000000000092
850,0 2,7 0,2 20,000000000000053
851,0 2,75 0,2 20,00000000000002
852,0 2,8000000000000003 0,2 20,000000000000007
853,0 2,85 0,2 20,000000000000004
854,0 2,9000000000000004 0,2 20,000000000000007
855,0 2,95 0,2 20,000000000000007
856,0 3,0 0,2 20,0
857,0 3,0500000000000003 0,2 20,0
858,0 3,1 0,2 20,000000000000004
859,0 3,1500000000000004 0,2 20,000000000000007
860,0 3,2 0,2 20,000000000000007
861,0 3,25 0,2 20,0
862,0 3,3000000000000003 0,2 20,0
863,0 3,35 0,2 20,000000000000004
864,0 3,4000000000000004 0,2 20,000000000000007
865,0 3,45 0,2 20,000000000000007
866,0 3,5 0,2 20,0
867,0 3,5500000000000003 0,2 20,0
868,0 3,6 0,2 20,000000000000004
869,0 3,6500000000000004 0,2 20,000000000000007
870,0 3,7 0,2 20,000000000000007
871,0 3,75 0,2 20,0
872,0 3,8000000000000003 0,2 20,0
873,0 3,85 0,2 20,000000000000004
874,0 3,9000000000000004 0,2 20,000000000000007
875,0 3,95 0,2 20,000000000000007
876,0 4,0 0,2 20,000000000000004
877,0 4,05 0,2 20,0
878,0 4,1000000000000005 0,2 20,000000000000004
879,0 4,15 0,2 20,0
880,0 4,2 0,2 20,0
881,0 4,25 0,2 20,0
882,0 4,3 0,2 20,0
883,0 4,3500000000000005 0,2 20,000000000000004
884,0 4,4 0,2 20,0
885,0 4,45 0,2 20,0
886,0 4,5 0,2 20,0
887,0 4,55 0,2 20,0
888,0 4,6000000000000005 0,2 20,000000000000004
889,0 4,65 0,2 20,0
890,0 4,7 0,2 20,0
891,0 4,75 0,2 20,0
892,0 4,800000000000001 0,2 20,000000000000004
893,0 4,8500000000000005 0,2 20,0
894,0 4,9 0,2 20,0
895,0 4,95 0,2 19,999999999999996
