896
0,0 0,0 0,0 160,70301368317337
1,0 0,05 0,0 158,21674865131138
2,0 0,1 0,0 155,75795016396208
3,0 0,15000000000000002 0,0 153,32660804713979
4,0 0,2 0,0 150,92270534854876
5,0 0,25 0,0 148,54621834409934
6,0 0,30000000000000004 0,0 146,19711654701985
7,0 0,35000000000000003 0,0 143,8753627195562
8,0 0,4 0,0 141,58091288724572
9,0 0,45 0,0 139,31371635575007
10,0 0,5 0,0 137,07371573023016
11,0 0,55 0,0 134,8608469372414
12,0 0,6000000000000001 0,0 132,6750392491272
13,0 0,65 0,0 130,51621531088466
14,0 0,7000000000000001 0,0 128,38429116947398
15,0 0,75 0,0 126,27917630554137
16,0 0,8 0,0 124,20077366752194
17,0 0,8500000000000001 0,0 122,14897970808725
18,0 0,9 0,0 120,1236844228999
19,0 0,9500000000000001 0,0 118,1247713916349
20,0 1,0 0,0 116,15211782122599
21,0 1,05 0,0 114,20559459129214
22,0 1,1 0,0 112,28506630169886
23,0 1,1500000000000001 0,0 110,3903913222056
24,0 1,2000000000000002 0,0 108,52142184414936
25,0 1,25 0,0 106,67800393411294
26,0 1,3 0,0 104,85997758952472
27,0 1,35 0,0 103,0671767961348
28,0 1,4000000000000001 0,0 101,29942958731148
29,0 1,4500000000000002 0,0 99,55655810510048
30,0 1,5 0,0 97,83837866298778
31,0 1,55 0,0 96,1447018103063
32,0 1,6 0,0 94,47533239822555
33,0 1,6500000000000001 0,0 92,83006964726219
34,0 1,7000000000000002 0,0 91,20870721624894
35,0 1,75 0,0 89,61103327269824
36,0 1,8 0,0 88,03683056449677
37,0 1,85 0,0 86,48587649286668
38,0 1,9000000000000001 0,0 84,95794318652854
39,0 1,9500000000000002 0,0 83,4527975770008
40,0 2,0 0,0 81,97020147497118
41,0 2,0500000000000003 0,0 80,50991164767433
42,0 2,1 0,0 79,07167989721098
43,0 2,15 0,0 77,65525313974399
44,0 2,2 0,0 76,26037348550626
45,0 2,25 0,0 74,88677831955722
46,0 2,3000000000000003 0,0 73,53420038322356
47,0 2,35 0,0 72,20236785616227
48,0 2,4000000000000004 0,0 70,89100443898313
49,0 2,45 0,0 69,59982943637
50,0 2,5 0,0 68,32855784064041
51,0 2,5500000000000003 0,0 67,07690041568439
52,0 2,6 0,0 65,84456378122454
53,0 2,6500000000000004 0,0 64,63125049734032
54,0 2,7 0,0 63,436659149201574
55,0 2,75 0,0 62,260484431956904
56,0 2,8000000000000003 0,0 61,102417235724836
57,0 2,85 0,0 59,96214473063649
58,0 2,9000000000000004 0,0 58,83935045188065
59,0 2,95 0,0 57,73371438470398
60,0 3,0 0,0 56,64491304932057
61,0 3,0500000000000003 0,0 55,572619585687036
62,0 3,1 0,0 54,51650383810109
63,0 3,1500000000000004 0,0 53,47623243958426
64,0 3,2 0,0 52,45146889601047
65,0 3,25 0,0 51,44187366994476
66,0 3,3000000000000003 0,0 50,44710426415909
67,0 3,35 0,0 49,46681530479289
68,0 3,4000000000000004 0,0 48,500658624129834
69,0 3,45 0,0 47,548283342963565
70,0 3,5 0,0 46,609335952527566
71,0 3,5500000000000003 0,0 45,68346039596681
72,0 3,6 0,0 44,77029814933078
73,0 3,6500000000000004 0,0 43,869488302070025
74,0 3,7 0,0 42,98066763702077
75,0 3,75 0,0 42,10347070986377
76,0 3,8000000000000003 0,0 41,23752992804689
77,0 3,85 0,0 40,38247562916218
78,0 3,9000000000000004 0,0 39,53793615877094
79,0 3,95 0,0 38,703537947672714
80,0 4,0 0,0 37,878905588615595
81,0 4,05 0,0 37,063661912448346
82,0 4,1000000000000005 0,0 36,2574280637158
83,0 4,15 0,0 35,459823575701826
84,0 4,2 0,0 34,67046644492541
85,0 4,25 0,0 33,88897320509617
86,0 4,3 0,0 33,114959000535926
87,0 4,3500000000000005 0,0 32,34803765906954
88,0 4,4 0,0 31,587821764379527
89,0 4,45 0,0 30,833922727796413
90,0 4,5 0,0 30,08595085944368
91,0 4,55 0,0 29,343515438536958
92,0 4,6000000000000005 0,0 28,60622478236504
93,0 4,65 0,0 27,873686312872064
94,0 4,7 0,0 27,14550661839338
95,0 4,75 0,0 26,421291505029505
96,0 4,800000000000001 0,0 25,70064602509374
97,0 4,8500000000000005 0,0 24,983174449863327
98,0 4,9 0,0 24,26847999693744
99,0 4,95 0,0 23,55616094879112
100,0 0,025 0,025 159,4598811672424
101,0 0,07500000000000001 0,025 156,9873494076367
102,0 0,125 0,025 154,54227910555096
103,0 0,17500000000000002 0,025 152,12465669784424
104,0 0,225 0,025 149,73446184632402
105,0 0,275 0,025 147,3716674455596
106,0 0,32500000000000007 0,025 145,03623963328803
107,0 0,37500000000000006 0,025 142,72813780340098
108,0 0,42500000000000004 0,025 140,4473146214979
109,0 0,47500000000000003 0,025 138,19371604299013
110,0 0,525 0,025 135,9672813337358
111,0 0,5750000000000001 0,025 133,7679430931843
112,0 0,6250000000000001 0,025 131,5956272800059
113,0 0,675 0,025 129,45025324017934
114,0 0,7250000000000001 0,025 127,33173373750768
115,0 0,775 0,025 125,23997498653166
116,0 0,8250000000000001 0,025 123,1748766878046
117,0 0,8750000000000001 0,025 121,13633206549358
118,0 0,925 0,025 119,12422790726743
119,0 0,9750000000000001 0,025 117,13844460643045
120,0 1,025 0,025 115,17885620625907
121,0 1,075 0,025 113,24533044649553
122,0 1,125 0,025 111,33772881195226
123,0 1,175 0,025 109,45590658317752
124,0 1,225 0,025 107,59971288913117
125,0 1,275 0,025 105,76899076181886
126,0 1,325 0,025 103,96357719282979
127,0 1,375 0,025 102,18330319172316
128,0 1,425 0,025 100,427993846206
129,0 1,475 0,025 98,69746838404413
130,0 1,525 0,025 96,99154023664705
131,0 1,575 0,025 95,31001710426595
132,0 1,625 0,025 93,65270102274388
133,0 1,675 0,025 92,01938843175559
134,0 1,725 0,025 90,40987024447358
135,0 1,775 0,025 88,82393191859751
136,0 1,825 0,025 87,26135352868172
137,0 1,875 0,025 85,72190983969762
138,0 1,925 0,025 84,20537038176468
139,0 1,975 0,025 82,711499525986
140,0 2,025 0,025 81,24005656132277
141,0 2,075 0,025 79,79079577244266
142,0 2,125 0,025 78,3634665184775
143,0 2,175 0,025 76,95781331262515
144,0 2,225 0,025 75,57357590253176
145,0 2,275 0,025 74,21048935139041
146,0 2,325 0,025 72,86828411969293
147,0 2,375 0,025 71,54668614757273
148,0 2,4250000000000003 0,025 70,24541693767658
149,0 2,475 0,025 68,96419363850521
150,0 2,525 0,025 67,70272912816242
151,0 2,575 0,025 66,46073209845447
152,0 2,625 0,025 65,23790713928246
153,0 2,6750000000000003 0,025 64,03395482327095
154,0 2,725 0,025 62,84857179057924
155,0 2,775 0,025 61,681450833840884
156,0 2,825 0,025 60,53228098318067
157,0 2,875 0,025 59,40074759125858
158,0 2,9250000000000003 0,025 58,28653241829232
159,0 2,975 0,025 57,18931371701228
160,0 3,025 0,025 56,10876631750381
161,0 3,075 0,025 55,04456171189406
162,0 3,125 0,025 53,996368138842676
163,0 3,1750000000000003 0,025 52,96385066779737
164,0 3,225 0,025 51,94667128297762
165,0 3,275 0,025 50,94448896705194
166,0 3,325 0,025 49,956959784476
167,0 3,375 0,025 48,98373696446137
168,0 3,4250000000000003 0,025 48,024470983546706
169,0 3,475 0,025 47,07880964774557
170,0 3,525 0,025 46,1463981742472
171,0 3,575 0,025 45,2268792726488
172,0 3,625 0,025 44,31989322570041
173,0 3,6750000000000003 0,025 43,42507796954541
174,0 3,725 0,025 42,542069173442286
175,0 3,775 0,025 41,670500318955355
176,0 3,825 0,025 40,810002778604556
177,0 3,875 0,025 39,96020589396661
178,0 3,9250000000000003 0,025 39,12073705322192
179,0 3,975 0,025 38,29122176814436
180,0 4,025 0,025 37,47128375053243
181,0 4,075 0,025 36,66054498808312
182,0 4,125000000000001 0,025 35,85862581971112
183,0 4,175000000000001 0,025 35,065145010318794
184,0 4,2250000000000005 0,025 34,279719825022376
185,0 4,275 0,025 33,50196610284202
186,0 4,325 0,025 32,73149832986092
187,0 4,375000000000001 0,025 31,967929711854833
188,0 4,425000000000001 0,025 31,2108722463798
189,0 4,4750000000000005 0,025 30,45993679427363
190,0 4,525 0,025 29,714733150454077
191,0 4,575 0,025 28,97487011372922
192,0 4,625000000000001 0,025 28,23995555496038
193,0 4,675000000000001 0,025 27,509596482075523
194,0 4,7250000000000005 0,025 26,78339909854065
195,0 4,775 0,025 26,060968847650713
196,0 4,825000000000001 0,025 25,341910425151106
197,0 4,875000000000001 0,025 24,625827712140474
198,0 4,925000000000001 0,025 23,912323296927635
199,0 0,0 0,05 160,70988116724243
200,0 0,05 0,05 158,22361528743954
201,0 0,1 0,05 155,76481425659384
202,0 0,15000000000000002 0,05 153,3334679016976
203,0 0,2 0,05 150,9295592720841
204,0 0,25 0,05 148,5530646459418
205,0 0,30000000000000004 0,05 146,20395353942385
206,0 0,35000000000000003 0,05 143,88218871834454
207,0 0,4 0,05 141,5877262124495
208,0 0,45 0,05 139,32051533224404
209,0 0,5 0,05 137,08049868836295
210,0 0,55 0,05 134,86761221346006
211,0 0,6000000000000001 0,05 132,6817851865951
212,0 0,65 0,05 130,5229402600926
213,0 0,7000000000000001 0,05 128,3909934888435
214,0 0,75 0,05 126,28585436201966
215,0 0,8 0,05 124,20742583716813
216,0 0,8500000000000001 0,05 122,15560437664907
217,0 0,9 0,05 120,1302799863805
218,0 0,9500000000000001 0,05 118,13133625684894
219,0 1,0 0,05 116,15865040634473
220,0 1,05 0,05 114,21209332637727
221,0 1,1 0,05 112,29152962922387
222,0 1,1500000000000001 0,05 110,39681769756487
223,0 1,2000000000000002 0,05 108,52780973615434
224,0 1,25 0,05 106,684351825475
225,0 1,3 0,05 104,8662839773243
226,0 1,35 0,05 103,07344019227646
227,0 1,4000000000000001 0,05 101,30564851896457
228,0 1,4500000000000002 0,05 99,56273111512505
229,0 1,5 0,05 97,84450431034557
230,0 1,55 0,05 96,15077867045648
231,0 1,6 0,05 94,4813590635049
232,0 1,6500000000000001 0,05 92,83604472724971
233,0 1,7000000000000002 0,05 91,21462933811456
234,0 1,75 0,05 89,61690108153553
235,0 1,8 0,05 88,0426427236396
236,0 1,85 0,05 86,49163168418966
237,0 1,9000000000000001 0,05 84,96364011073115
238,0 1,9500000000000002 0,05 83,45843495387533
239,0 2,0 0,05 81,97577804365437
240,0 2,0500000000000003 0,05 80,51542616688273
241,0 2,1 0,05 79,0771311454601
242,0 2,15 0,05 77,66063991555133
243,0 2,2 0,05 76,26569460757845
244,0 2,25 0,05 74,89203262696108
245,0 2,3000000000000003 0,05 73,53938673554167
246,0 2,35 0,05 72,20748513363283
247,0 2,4000000000000004 0,05 70,89605154262468
248,0 2,45 0,05 69,6048052880909
249,0 2,5 0,05 68,33346138333381
250,0 2,5500000000000003 0,05 67,08173061330847
251,0 2,6 0,05 65,84931961886848
252,0 2,6500000000000004 0,05 64,63593098127672
253,0 2,7 0,05 63,441263306925116
254,0 2,75 0,05 62,26501131221008
255,0 2,8000000000000003 0,05 61,1068659085108
256,0 2,85 0,05 59,966514287219624
257,0 2,9000000000000004 0,05 58,84364000477545
258,0 2,95 0,05 57,737923067652304
259,0 3,0 0,05 56,649040017258045
260,0 3,0500000000000003 0,05 55,57666401469893
261,0 3,1 0,05 54,52046492536838
262,0 3,1500000000000004 0,05 53,48010940332002
263,0 3,2 0,05 52,4552609753875
264,0 3,25 0,05 51,44558012501478
265,0 3,3000000000000003 0,05 50,45072437576398
266,0 3,35 0,05 49,470348374468685
267,0 3,4000000000000004 0,05 48,504103974004046
268,0 3,45 0,05 47,55164031564615
269,0 3,5 0,05 46,612603910996384
270,0 3,5500000000000003 0,05 45,68663872344801
271,0 3,6 0,05 44,77338624917461
272,0 3,6500000000000004 0,05 43,872485597622926
273,0 3,7 0,05 42,983573571493864
274,0 3,75 0,05 42,106284746198824
275,0 3,8000000000000003 0,05 41,24025154877999
276,0 3,85 0,05 40,385104336285636
277,0 3,9000000000000004 0,05 39,54047147359438
278,0 3,95 0,05 38,705979410683405
279,0 4,0 0,05 37,88125275933898
280,0 4,05 0,05 37,065914369309056
281,0 4,1000000000000005 0,05 36,259585403899976
282,0 4,15 0,05 35,46188541502136
283,0 4,2 0,05 34,67243241768491
284,0 4,25 0,05 33,89084296396429
285,0 4,3 0,05 33,116732216423316
286,0 4,3500000000000005 0,05 32,34971402101876
287,0 4,4 0,05 31,58940097947765
288,0 4,45 0,05 30,835404521133697
289,0 4,5 0,05 30,08733497417114
290,0 4,55 0,05 29,344801636139188
291,0 4,6000000000000005 0,05 28,60741284340958
292,0 4,65 0,05 27,87477603881929
293,0 4,7 0,05 27,14649783577519
294,0 4,75 0,05 26,422184074939164
295,0 4,800000000000001 0,05 25,701439864899722
296,0 4,8500000000000005 0,05 24,983869590805313
297,0 4,9 0,05 24,269076937251572
298,0 4,95 0,05 23,556667106835008
299,0 0,025 0,07500000000000001 159,46674822734104
300,0 0,07500000000000001 0,07500000000000001 156,99421477201673
301,0 0,125 0,07500000000000001 154,54914107914576
302,0 0,17500000000000002 0,07500000000000001 152,13151358689083
303,0 0,225 0,07500000000000001 149,74131195901296
304,0 0,275 0,07500000000000001 147,37850909268283
305,0 0,32500000000000007 0,07500000000000001 145,04307112888424
306,0 0,37500000000000006 0,07500000000000001 142,73495746539706
307,0 0,42500000000000004 0,07500000000000001 140,45412077234684
308,0 0,47500000000000003 0,07500000000000001 138,2005070103036
309,0 0,525 0,07500000000000001 135,97405545091158
310,0 0,5750000000000001 0,07500000000000001 133,77469870002764
311,0 0,6250000000000001 0,07500000000000001 131,6023627233439
312,0 0,675 0,07500000000000001 129,45696687446807
313,0 0,7250000000000001 0,07500000000000001 127,33842392543158
314,0 0,775 0,07500000000000001 125,24664009959393
315,0 0,8250000000000001 0,07500000000000001 123,18151510690865
316,0 0,8750000000000001 0,07500000000000001 121,14294218151481
317,0 0,925 0,07500000000000001 119,13080812161475
318,0 0,9750000000000001 0,07500000000000001 117,14499333159688
319,0 1,025 0,07500000000000001 115,18537186636104
320,0 1,075 0,07500000000000001 113,25181147780056
321,0 1,125 0,07500000000000001 111,34417366339437
322,0 1,175 0,07500000000000001 109,4623137168596
323,0 1,225 0,07500000000000001 107,6060807808147
324,0 1,275 0,07500000000000001 105,77531790139967
325,0 1,325 0,07500000000000001 103,96986208480037
326,0 1,375 0,07500000000000001 102,1895443556205
327,0 1,425 0,07500000000000001 100,43418981704481
328,0 1,475 0,07500000000000001 98,70361771273532
329,0 1,525 0,07500000000000001 96,99764149040102
330,0 1,575 0,07500000000000001 95,31606886698067
331,0 1,625 0,07500000000000001 93,65870189537729
332,0 1,675 0,07500000000000001 92,02533703268213
333,0 1,725 0,07500000000000001 90,41576520982505
334,0 1,775 0,07500000000000001 88,82977190258755
335,0 1,825 0,07500000000000001 87,26713720391463
336,0 1,875 0,07500000000000001 85,72763589746039
337,0 1,925 0,07500000000000001 84,21103753230324
338,0 1,975 0,07500000000000001 82,71710649876488
339,0 2,025 0,07500000000000001 81,24560210526857
340,0 2,075 0,07500000000000001 79,79627865617144
341,0 2,125 0,07500000000000001 78,36888553050574
342,0 2,175 0,07500000000000001 76,96316726156492
343,0 2,225 0,07500000000000001 75,57886361726979
344,0 2,275 0,07500000000000001 74,21570968125141
345,0 2,325 0,07500000000000001 72,87343593458728
346,0 2,375 0,07500000000000001 71,5517683381288
347,0 2,4250000000000003 0,07500000000000001 70,2504284153578
348,0 2,475 0,07500000000000001 68,96913333571239
349,0 2,525 0,07500000000000001 67,70759599832115
350,0 2,575 0,07500000000000001 66,46552511608847
351,0 2,625 0,07500000000000001 65,24262530007262
352,0 2,6750000000000003 0,07500000000000001 64,03859714410093
353,0 2,725 0,07500000000000001 62,85313730956763
354,0 2,775 0,07500000000000001 61,685938610360466
355,0 2,825 0,07500000000000001 60,53669009786523
356,0 2,875 0,07500000000000001 59,40507714599755
357,0 2,9250000000000003 0,07500000000000001 58,2907815362139
358,0 2,975 0,07500000000000001 57,1934815424552
359,0 3,025 0,07500000000000001 56,11285201597852
360,0 3,075 0,07500000000000001 55,048564470033675
361,0 3,125 0,07500000000000001 54,00028716434422
362,0 3,1750000000000003 0,07500000000000001 52,96768518935378
363,0 3,225 0,07500000000000001 51,95042055020115
364,0 3,275 0,07500000000000001 50,948152250389406
365,0 3,325 0,07500000000000001 49,96053637511635
366,0 3,375 0,07500000000000001 48,98722617423638
367,0 3,4250000000000003 0,07500000000000001 48,02787214482511
368,0 3,475 0,07500000000000001 47,08212211332128
369,0 3,525 0,07500000000000001 46,14962131722222
370,0 3,575 0,07500000000000001 45,230012486311324
371,0 3,625 0,07500000000000001 44,32293592339878
372,0 3,6750000000000003 0,07500000000000001 43,42802958455841
373,0 3,725 0,07500000000000001 42,54492915884637
374,0 3,775 0,07500000000000001 41,67326814748944
375,0 3,825 0,07500000000000001 40,81267794253287
376,0 3,875 0,07500000000000001 39,96278790494012
377,0 3,9250000000000003 0,07500000000000001 39,12322544213912
378,0 3,975 0,07500000000000001 38,29361608501169
379,0 4,025 0,07500000000000001 37,47358356432512
380,0 4,075 0,07500000000000001 36,66274988660701
381,0 4,125000000000001 0,07500000000000001 35,860735409466244
382,0 4,175000000000001 0,07500000000000001 35,06715891636564
383,0 4,2250000000000005 0,07500000000000001 34,281637690852605
384,0 4,275 0,07500000000000001 33,503787590256515
385,0 4,325 0,07500000000000001 32,7332231188615
386,0 4,375000000000001 0,07500000000000001 31,969557500562782
387,0 4,425000000000001 0,07500000000000001 31,21240275101019
388,0 4,4750000000000005 0,07500000000000001 30,46136974923025
389,0 4,525 0,07500000000000001 29,716068308688854
390,0 4,575 0,07500000000000001 28,976107247688375
391,0 4,625000000000001 0,07500000000000001 28,241094458838422
392,0 4,675000000000001 0,07500000000000001 27,510636976991464
393,0 4,7250000000000005 0,07500000000000001 26,784341044253807
394,0 4,775 0,07500000000000001 26,061812168966163
395,0 4,825000000000001 0,07500000000000001 25,342655172511932
396,0 4,875000000000001 0,07500000000000001 24,626474231534175
397,0 4,925000000000001 0,07500000000000001 23,912873472500998
398,0 0,0 0,1 160,7167482273411
399,0 0,05 0,1 158,23048149967894
400,0 0,1 0,1 155,7716779255813
401,0 0,15000000000000002 0,1 153,34032733301828
402,0 0,2 0,1 150,9364127729519
403,0 0,25 0,1 148,55991052584787
404,0 0,30000000000000004 0,1 146,21079011078356
405,0 0,35000000000000003 0,1 143,88901429714068
406,0 0,4 0,1 141,594539118872
407,0 0,45 0,1 139,3273138913253
408,0 0,5 0,1 137,08728123060766
409,0 0,55 0,1 134,8743770754697
410,0 0,6000000000000001 0,1 132,68853071168581
411,0 0,65 0,1 130,52966479890603
412,0 0,7000000000000001 0,1 128,3976953999499
413,0 0,75 0,1 126,29253201251281
414,0 0,8 0,1 124,21407760325135
415,0 0,8500000000000001 0,1 122,16222864421177
416,0 0,9 0,1 120,1368751515648
417,0 0,9500000000000001 0,1 118,13790072660584
418,0 1,0 0,1 116,16518259897899
419,0 1,05 0,1 114,21859167208083
420,0 1,1 0,1 112,2979925705975
421,0 1,1500000000000001 0,1 110,40324369012701
422,0 1,2000000000000002 0,1 108,5341972488372
423,0 1,25 0,1 106,69069934110716
424,0 1,3 0,1 104,87258999310002
425,0 1,35 0,1 103,07970322021045
426,0 1,4000000000000001 0,1 101,31186708633265
427,0 1,4500000000000002 0,1 99,5689037648901
428,0 1,5 0,1 97,85062960156819
429,0 1,55 0,1 96,15685517869085
430,0 1,6 0,1 94,48738538117898
431,0 1,6500000000000001 0,1 92,8420194640297
432,0 1,7000000000000002 0,1 91,2205511212536
433,0 1,75 0,1 89,62276855620631
434,0 1,8 0,1 88,0484545532511
435,0 1,85 0,1 86,49738655068752
436,0 1,9000000000000001 0,1 84,96933671488182
437,0 1,9500000000000002 0,1 83,46407201553409
438,0 2,0 0,1 81,98135430201674
439,0 2,0500000000000003 0,1 80,52094038072003
440,0 2,1 0,1 79,0825820933386
441,0 2,15 0,1 77,66602639603532
442,0 2,2 0,1 76,27101543941738
443,0 2,25 0,1 74,89728664926061
444,0 2,3000000000000003 0,1 73,54457280791937
445,0 2,35 0,1 72,21260213635804
446,0 2,4000000000000004 0,1 70,9010983767433
447,0 2,45 0,1 69,60978087553512
448,0 2,5 0,1 68,33836466701676
449,0 2,5500000000000003 0,1 67,08656055720482
450,0 2,6 0,1 65,85407520808054
451,0 2,6500000000000004 0,1 64,64061122208679
452,0 2,7 0,1 63,44586722683431
453,0 2,75 0,1 62,26953795996405
454,0 2,8000000000000003 0,1 61,111314354112864
455,0 2,85 0,1 59,970883621931414
456,0 2,9000000000000004 0,1 58,847929341105726
457,0 2,95 0,1 57,742131539334565
458,0 3,0 0,1 56,65316677921686
459,0 3,0500000000000003 0,1 55,5807082430061
460,0 3,1 0,1 54,52442581718895
461,0 3,1500000000000004 0,1 53,48398617684902
462,0 3,2 0,1 52,459052869777466
463,0 3,25 0,1 51,449286400295286
464,0 3,3000000000000003 0,1 50,45434431275288
465,0 3,35 0,1 49,473881274676366
466,0 3,4000000000000004 0,1 48,50754915953076
467,0 3,45 0,1 47,554997129073215
468,0 3,5 0,1 46,61587171527175
469,0 3,5500000000000003 0,1 45,689816901766775
470,0 3,6 0,1 44,776474204855056
471,0 3,6500000000000004 0,1 43,875482753978616
472,0 3,7 0,1 42,986479371702416
473,0 3,75 0,1 42,109098653167926
474,0 3,8000000000000003 0,1 41,2429730450112
475,0 3,85 0,1 40,38773292373657
476,0 3,9000000000000004 0,1 39,543006673539786
477,0 3,95 0,1 38,70842076357577
478,0 4,0 0,1 37,883599824669204
479,0 4,05 0,1 37,068166725467876
480,0 4,1000000000000005 0,1 36,261742648040666
481,0 4,15 0,1 35,463947162924995
482,0 4,2 0,1 34,67439830362939
483,0 4,25 0,1 33,892712640599925
484,0 4,3 0,1 33,118505354660606
485,0 4,3500000000000005 0,1 32,35139030993967
486,0 4,4 0,1 31,590980126296046
487,0 4,45 0,1 30,836886251261408
488,0 4,5 0,1 30,088719031515325
489,0 4,55 0,1 29,346087783912456
490,0 4,6000000000000005 0,1 28,608600866082384
491,0 4,65 0,1 27,87586574662406
492,0 4,7 0,1 27,147489074918077
493,0 4,75 0,1 26,423076750581664
494,0 4,800000000000001 0,1 25,70223399259211
495,0 4,8500000000000005 0,1 24,984565408105556
496,0 4,9 0,1 24,26967506099938
497,0 4,95 0,1 23,557166540165472
498,0 0,025 0,125 159,47361486351008
499,0 0,07500000000000001 0,125 157,00107971263012
500,0 0,125 0,125 154,5560026292998
501,0 0,17500000000000002 0,125 152,1383700529851
502,0 0,225 0,125 149,7481616493999
503,0 0,275 0,125 147,38535031831574
504,0 0,32500000000000007 0,125 145,04990220396212
505,0 0,37500000000000006 0,125 142,74177670800637
506,0 0,42500000000000004 0,125 140,46092650509863
507,0 0,47500000000000003 0,125 138,20729756096648
508,0 0,525 0,125 135,98082915303868
509,0 0,5750000000000001 0,125 133,78145389357778
510,0 0,6250000000000001 0,125 131,60909775529592
511,0 0,675 0,125 129,463680099428
512,0 0,7250000000000001 0,125 127,34511370623133
513,0 0,775 0,125 125,2533048078821
514,0 0,8250000000000001 0,125 123,18815312373157
515,0 0,8750000000000001 0,125 121,14955189788827
516,0 0,925 0,125 119,13738793908533
517,0 0,9750000000000001 0,125 117,15154166279241
518,0 1,025 0,125 115,19188713552995
519,0 1,075 0,125 113,25829212133922
520,0 1,125 0,125 111,35061813036232
521,0 1,175 0,125 109,46872046948215
522,0 1,225 0,125 107,61244829497221
523,0 1,275 0,125 105,78164466710365
524,0 1,325 0,125 103,97614660665529
525,0 1,375 0,125 102,1957851532716
526,0 1,425 0,125 100,44038542561141
527,0 1,475 0,125 98,70976668322916
528,0 1,525 0,125 97,00374239012957
529,0 1,575 0,125 95,32212027993496
530,0 1,625 0,125 93,66470242260439
531,0 1,675 0,125 92,03128529264171
532,0 1,725 0,125 90,42165983872997
533,0 1,775 0,125 88,83561155472874
534,0 1,825 0,125 87,27292055196935
535,0 1,875 0,125 85,7333616327847
536,0 1,925 0,125 84,21670436520797
537,0 1,975 0,125 82,7227131587754
538,0 2,025 0,125 81,25114734136842
539,0 2,075 0,125 79,8017612370293
540,0 2,125 0,125 78,37430424468695
541,0 2,175 0,125 76,96852091772637
542,0 2,225 0,125 75,58415104433898
543,0 2,275 0,125 74,22092972859001
544,0 2,325 0,125 72,87858747213869
545,0 2,375 0,125 71,55685025655069
546,0 2,4250000000000003 0,125 70,25543962613921
547,0 2,475 0,125 68,97407277127594
548,0 2,525 0,125 67,7124626121108
549,0 2,575 0,125 66,47031788264268
550,0 2,625 0,125 65,24734321508367
551,0 2,6750000000000003 0,125 64,04323922446055
552,0 2,725 0,125 62,85770259339916
553,0 2,775 0,125 61,69042615703847
554,0 2,825 0,125 60,541098988022135
555,0 2,875 0,125 59,40940648151858
556,0 2,9250000000000003 0,125 58,29503044022014
557,0 2,975 0,125 57,197649159275706
558,0 3,025 0,125 56,11693751111149
559,0 3,075 0,125 55,05256703009752
560,0 3,125 0,125 54,004205997018985
561,0 3,1750000000000003 0,125 52,97151952331323
562,0 3,225 0,125 51,954169635036365
563,0 3,275 0,125 50,95181535652408
564,0 3,325 0,125 49,96411279371461
565,0 3,375 0,125 48,99071521710357
566,0 3,4250000000000003 0,125 48,03127314430197
567,0 3,475 0,125 47,08543442217247
568,0 3,525 0,125 46,15284430851927
569,0 3,575 0,125 45,23314555331091
570,0 3,625 0,125 44,32597847941685
571,0 3,6750000000000003 0,125 43,43098106284051
572,0 3,725 0,125 42,547789012435175
573,0 3,775 0,125 41,676035849089594
574,0 3,825 0,125 40,815352984373924
575,0 3,875 0,125 39,965369798638285
576,0 3,9250000000000003 0,125 39,125713718557996
577,0 3,975 0,125 38,29601029412298
578,0 4,025 0,125 37,47588327506965
579,0 4,075 0,125 36,66495468675677
580,0 4,125000000000001 0,125 35,86284490548841
581,0 4,175000000000001 0,125 35,06917273328969
582,0 4,2250000000000005 0,125 34,28355547214265
583,0 4,275 0,125 33,505608997692974
584,0 4,325 0,125 32,734947832440604
585,0 4,375000000000001 0,125 31,97118521843242
586,0 4,425000000000001 0,125 31,213933189483214
587,0 4,4750000000000005 0,125 30,462802642966132
588,0 4,525 0,125 29,717403411247428
589,0 4,575 0,125 28,977344332911073
590,0 4,625000000000001 0,125 28,242233324076462
591,0 4,675000000000001 0,125 27,51167745046361
592,0 4,7250000000000005 0,125 26,785283001642718
593,0 4,775 0,125 26,062655570625125
594,0 4,825000000000001 0,125 25,343400144989246
595,0 4,875000000000001 0,125 24,627121202016653
596,0 4,925000000000001 0,125 23,91342225097881
597,0 0,0 0,15000000000000002 160,72361486351005
598,0 0,05 0,15000000000000002 158,23734728807008
599,0 0,1 0,15000000000000002 155,77854117096496
600,0 0,15000000000000002 0,15000000000000002 153,34718634114242
601,0 0,2 0,15000000000000002 150,9432658511925
602,0 0,25 0,15000000000000002 148,56675598385783
603,0 0,30000000000000004 0,15000000000000002 146,21762626113895
604,0 0,35000000000000003 0,15000000000000002 143,89583945598426
605,0 0,4 0,15000000000000002 141,6013516065525
606,0 0,45 0,15000000000000002 139,33411203303257
607,0 0,5 0,15000000000000002 137,09406335700257
608,0 0,55 0,15000000000000002 134,88114152330826
609,0 0,6000000000000001 0,15000000000000002 132,69527582443686
610,0 0,65 0,15000000000000002 130,536388927362
611,0 0,7000000000000001 0,15000000000000002 128,4043969028297
612,0 0,75 0,15000000000000002 126,29920925705672
613,0 0,8 0,15000000000000002 124,22072896580683
614,0 0,8500000000000001 0,15000000000000002 122,16885251080994
615,0 0,9 0,15000000000000002 120,14346991848686
616,0 0,9500000000000001 0,15000000000000002 118,1444648009389
617,0 1,0 0,15000000000000002 116,17171439916123
618,0 1,05 0,15000000000000002 114,22508962843463
619,0 1,1 0,15000000000000002 112,30445512585081
620,0 1,1500000000000001 0,15000000000000002 110,40966929992229
621,0 1,2000000000000002 0,15000000000000002 108,54058438222722
622,0 1,25 0,15000000000000002 106,69704648103797
623,0 1,3 0,15000000000000002 104,87889563687949
624,0 1,35 0,15000000000000002 103,08596587996347
625,0 1,4000000000000001 0,15000000000000002 101,31808528944154
626,0 1,4500000000000002 0,15000000000000002 99,57507605442031
627,0 1,5 0,15000000000000002 97,8567545366794
628,0 1,55 0,15000000000000002 96,16293133503231
629,0 1,6 0,15000000000000002 94,49341135126971
630,0 1,6500000000000001 0,15000000000000002 92,84799385762307
631,0 1,7000000000000002 0,15000000000000002 91,22647256568587
632,0 1,75 0,15000000000000002 89,62863569672939
633,0 1,8 0,15000000000000002 88,05426605334907
634,0 1,85 0,15000000000000002 86,50314109237706
635,0 1,9000000000000001 0,15000000000000002 84,97503299899635
636,0 1,9500000000000002 0,15000000000000002 83,4697087619917
637,0 2,0 0,15000000000000002 81,98693025007191
638,0 2,0500000000000003 0,15000000000000002 80,52645428919884
639,0 2,1 0,15000000000000002 79,08803274085814
640,0 2,15 0,15000000000000002 77,67141258120665
641,0 2,2 0,15000000000000002 76,27633598103266
642,0 2,25 0,15000000000000002 74,9025403864645
643,0 2,3000000000000003 0,15000000000000002 73,54975860036434
644,0 2,35 0,15000000000000002 72,21771886434469
645,0 2,4000000000000004 0,15000000000000002 70,90614494134493
646,0 2,45 0,15000000000000002 69,61475619870758
647,0 2,5 0,15000000000000002 68,34326769169336
648,0 2,5500000000000003 0,15000000000000002 67,09139024737672
649,0 2,6 0,15000000000000002 65,85883054886318
650,0 2,6500000000000004 0,15000000000000002 64,6452912197721
651,0 2,7 0,15000000000000002 63,45047090892986
652,0 2,75 0,15000000000000002 62,274064375218806
653,0 2,8000000000000003 0,15000000000000002 61,115762572530286
654,0 2,85 0,15000000000000002 59,97525273477035
655,0 2,9000000000000004 0,15000000000000002 58,852218460869345
656,0 2,95 0,15000000000000002 57,74633979974793
657,0 3,0 0,15000000000000002 56,657293335193586
658,0 3,0500000000000003 0,15000000000000002 55,5847522706045
659,0 3,1 0,15000000000000002 54,52838651355825
660,0 3,1500000000000004 0,15000000000000002 53,4878627601661
661,0 3,2 0,15000000000000002 52,462844579174806
662,0 3,25 0,15000000000000002 51,452992495780215
663,0 3,3000000000000003 0,15000000000000002 50,45796407511932
664,0 3,35 0,15000000000000002 49,47741400540908
665,0 3,4000000000000004 0,15000000000000002 48,51099418070276
666,0 3,45 0,15000000000000002 47,55835378323722
667,0 3,5 0,15000000000000002 46,61913936534586
668,0 3,5500000000000003 0,15000000000000002 45,692994930915084
669,0 3,6 0,15000000000000002 44,779562016363876
670,0 3,6500000000000004 0,15000000000000002 43,87847977112867
671,0 3,7 0,15000000000000002 42,989385037637845
672,0 3,75 0,15000000000000002 42,11191243076239
673,0 3,8000000000000003 0,15000000000000002 41,24569441673177
674,0 3,85 0,15000000000000002 40,390361391506154
675,0 3,9000000000000004 0,15000000000000002 39,54554175859824
676,0 3,95 0,15000000000000002 38,71086200634075
677,0 4,0 0,15000000000000002 37,8859467845969
678,0 4,05 0,15000000000000002 37,070418980914496
679,0 4,1000000000000005 0,15000000000000002 36,26389979612545
680,0 4,15 0,15000000000000002 35,46600881939545
681,0 4,2 0,15000000000000002 34,676364102730496
682,0 4,25 0,15000000000000002 33,894582234949894
683,0 4,3 0,15000000000000002 33,120278415138635
684,0 4,3500000000000005 0,15000000000000002 32,3530665255974
685,0 4,4 0,15000000000000002 31,59255920431811
686,0 4,45 0,15000000000000002 30,838367917031594
687,0 4,5 0,15000000000000002 30,09010302891391
688,0 4,55 0,15000000000000002 29,34737387612645
689,0 4,6000000000000005 0,15000000000000002 28,609788837557776
690,0 4,65 0,15000000000000002 27,876955407569643
691,0 4,7 0,15000000000000002 27,148480271516387
692,0 4,75 0,15000000000000002 26,423969387968725
693,0 4,800000000000001 0,15000000000000002 25,70302808628649
694,0 4,8500000000000005 0,15000000000000002 24,98526119561777
695,0 4,9 0,15000000000000002 24,270273159092017
696,0 4,95 0,15000000000000002 23,557665952043234
697,0 0,025 0,17500000000000002 159,48048107579004
698,0 0,07500000000000001 0,17500000000000002 157,0079442295175
699,0 0,125 0,17500000000000002 154,5628637560537
700,0 0,17500000000000002 0,17500000000000002 152,14522609616748
701,0 0,225 0,17500000000000002 149,75501091752517
702,0 0,275 0,17500000000000002 147,3921911224984
703,0 0,32500000000000007 0,17500000000000002 145,0567328585616
704,0 0,37500000000000006 0,17500000000000002 142,74859553126836
705,0 0,42500000000000004 0,17500000000000002 140,4677318197925
706,0 0,47500000000000003 0,17500000000000002 138,21408769501758
707,0 0,525 0,17500000000000002 135,98760244015543
708,0 0,5750000000000001 0,17500000000000002 133,7882086738726
709,0 0,6250000000000001 0,17500000000000002 131,61583237589943
710,0 0,675 0,17500000000000002 129,47039291509586
711,0 0,7250000000000001 0,17500000000000002 127,3518030799432
712,0 0,775 0,17500000000000002 125,25996911143177
713,0 0,8250000000000001 0,17500000000000002 123,1947907383084
714,0 0,8750000000000001 0,17500000000000002 121,15616121464842
715,0 0,925 0,17500000000000002 119,14396735971292
716,0 0,9750000000000001 0,17500000000000002 117,15808960005009
717,0 1,025 0,17500000000000002 115,19840201379796
718,0 1,075 0,17500000000000002 113,26477237714278
719,0 1,125 0,17500000000000002 111,35706221288659
720,0 1,175 0,17500000000000002 109,47512684107478
721,0 1,225 0,17500000000000002 107,61881543163261
722,0 1,275 0,17500000000000002 105,78797105895876
723,0 1,325 0,17500000000000002 103,98243075842151
724,0 1,375 0,17500000000000002 102,20202558470254
725,0 1,425 0,17500000000000002 100,44658067193096
726,0 1,475 0,17500000000000002 98,71591529554988
727,0 1,525 0,17500000000000002 97,00984293585589
728,0 1,575 0,17500000000000002 95,32817134315104
729,0 1,625 0,17500000000000002 93,67070260444643
730,0 1,675 0,17500000000000002 92,0372332116545
731,0 1,725 0,17500000000000002 90,42755413120764
732,0 1,775 0,17500000000000002 88,84145087503926
733,0 1,825 0,17500000000000002 87,2787035728631
734,0 1,875 0,17500000000000002 85,73908704568673
735,0 1,925 0,17500000000000002 84,22237088049405
736,0 1,975 0,17500000000000002 82,7283195060318
737,0 2,025 0,17500000000000002 81,25669226963538
738,0 2,075 0,17500000000000002 79,8072435150285
739,0 2,125 0,17500000000000002 78,3797226610324
740,0 2,175 0,17500000000000002 76,97387428111966
741,0 2,225 0,17500000000000002 75,58943818374858
742,0 2,275 0,17500000000000002 74,22614949341441
743,0 2,325 0,17500000000000002 72,8837387323545
744,0 2,375 0,17500000000000002 71,56193190284482
745,0 2,4250000000000003 0,17500000000000002 70,26045057002624
746,0 2,475 0,17500000000000002 68,97901194520048
747,0 2,525 0,17500000000000002 67,71732896953505
748,0 2,575 0,17500000000000002 66,47511039811995
749,0 2,625 0,17500000000000002 65,25206088431764
750,0 2,6750000000000003 0,17500000000000002 64,04788106435099
751,0 2,725 0,17500000000000002 62,862267642074336
752,0 2,775 0,17500000000000002 61,69491347387455
753,0 2,825 0,17500000000000002 60,54550765365032
754,0 2,875 0,17500000000000002 59,41373559781985
755,0 2,9250000000000003 0,17500000000000002 58,29927913030863
756,0 2,975 0,17500000000000002 57,20181656747075
757,0 3,025 0,17500000000000002 56,12102280289904
758,0 3,075 0,17500000000000002 55,05656939208137
759,0 3,125 0,17500000000000002 54,00812463686217
760,0 3,1750000000000003 0,17500000000000002 52,975353669670454
761,0 3,225 0,17500000000000002 51,95791853747751
762,0 3,275 0,17500000000000002 50,95547828544977
763,0 3,325 0,17500000000000002 49,9676890402642
764,0 3,375 0,17500000000000002 48,99420409305592
765,0 3,4250000000000003 0,17500000000000002 48,034673981969995
766,0 3,475 0,17500000000000002 47,08874657429154
767,0 3,525 0,17500000000000002 46,156067148130475
768,0 3,575 0,17500000000000002 45,23627847363948
769,0 3,625 0,17500000000000002 44,329020893746275
770,0 3,6750000000000003 0,17500000000000002 43,433932404383256
771,0 3,725 0,17500000000000002 42,55064873420012
772,0 3,775 0,17500000000000002 41,67880342374709
773,0 3,825 0,17500000000000002 40,81802790411898
774,0 3,875 0,17500000000000002 39,96795157505224
775,0 3,9250000000000003 0,17500000000000002 39,12820188246958
776,0 3,975 0,17500000000000002 38,298404395469035
777,0 4,025 0,17500000000000002 37,478182882756144
778,0 4,075 0,17500000000000002 36,66715938852101
779,0 4,125000000000001 0,17500000000000002 35,86495430776275
780,0 4,175000000000001 0,17500000000000002 35,071186461068145
781,0 4,2250000000000005 0,17500000000000002 34,28547316885178
782,0 4,275 0,17500000000000002 33,50743032507023
783,0 4,325 0,17500000000000002 32,73667247042619
784,0 4,375000000000001 0,17500000000000002 31,972812865088038
785,0 4,425000000000001 0,17500000000000002 31,215463560966647
786,0 4,4750000000000005 0,17500000000000002 30,464235473626246
787,0 4,525 0,17500000000000002 29,718738453983747
788,0 4,575 0,17500000000000002 28,978581360119918
789,0 4,625000000000001 0,17500000000000002 28,2433721299046
790,0 4,675000000000001 0,17500000000000002 27,512717855983706
791,0 4,7250000000000005 0,17500000000000002 26,786224866567053
792,0 4,775 0,17500000000000002 26,063498819706144
793,0 4,825000000000001 0,17500000000000002 25,34414482860066
794,0 4,875000000000001 0,17500000000000002 24,62776766603216
795,0 4,925000000000001 0,17500000000000002 23,913972379265495
796,0 0,0 0,2 160,73048107579007
797,0 0,05 0,2 158,24421265265374
798,0 0,1 0,2 155,7854039927856
799,0 0,15000000000000002 0,2 153,3540449261106
800,0 0,2 0,2 150,95011850684634
801,0 0,25 0,2 148,57360102001178
802,0 0,30000000000000004 0,2 146,22446199053
803,0 0,35000000000000003 0,2 143,902664194915
804,0 0,4 0,2 141,60816367553045
805,0 0,45 0,2 139,34090975740506
806,0 0,5 0,2 137,1008450675865
807,0 0,55 0,2 134,88790555701402
808,0 0,6000000000000001 0,2 132,70202052488602
809,0 0,65 0,2 130,54311264549764
810,0 0,7000000000000001 0,2 128,41109799751953
811,0 0,75 0,2 126,30588609568746
812,0 0,8 0,2 124,22737992487006
813,0 0,8500000000000001 0,2 122,17547597647842
814,0 0,9 0,2 120,15006428718067
815,0 0,9500000000000001 0,2 118,15102847988153
816,0 1,0 0,2 116,17824580692404
817,0 1,05 0,2 114,23158719547041
818,0 1,1 0,2 112,31091729501473
819,0 1,1500000000000001 0,2 110,41609452698071
820,0 1,2000000000000002 0,2 108,5469711363537
821,0 1,25 0,2 106,7033932452957
822,0 1,3 0,2 104,88520090869015
823,0 1,35 0,2 103,09222817156206
824,0 1,4000000000000001 0,2 101,32430312831677
825,0 1,4500000000000002 0,2 99,58124798374041
826,0 1,5 0,2 97,8628791157029
827,0 1,55 0,2 96,16900713950349
828,0 1,6 0,2 94,49943697379875
829,0 1,6500000000000001 0,2 92,85396790805049
830,0 1,7000000000000002 0,2 91,23239367143105
831,0 1,75 0,2 89,63450250312347
832,0 1,8 0,2 88,06007722395118
833,0 1,85 0,2 86,50889530927492
834,0 1,9000000000000001 0,2 84,98072896309041
835,0 1,9500000000000002 0,2 83,47534519326291
836,0 2,0 0,2 81,99250588783357
837,0 2,0500000000000003 0,2 80,53196789233195
838,0 2,1 0,2 79,09348308803047
839,0 2,15 0,2 77,67679847107603
840,0 2,2 0,2 76,28165623243412
841,0 2,25 0,2 74,9077938385815
842,0 2,3000000000000003 0,2 73,55494411288444
843,0 2,35 0,2 72,22283531759965
844,0 2,4000000000000004 0,2 70,91119123643551
845,0 2,45 0,2 69,61973125761335
846,0 2,5 0,2 68,34817045736776
847,0 2,5500000000000003 0,2 67,0962196838275
848,0 2,6 0,2 65,86358564121879
849,0 2,6500000000000004 0,2 64,64997097433431
850,0 2,7 0,2 63,45507435321267
851,0 2,75 0,2 62,278590557974454
852,0 2,8000000000000003 0,2 61,12021056376241
853,0 2,85 0,2 59,97962162573508
854,0 2,9000000000000004 0,2 58,856507364064235
855,0 2,95 0,2 57,75054784888969
856,0 3,0 0,2 56,66141968518488
857,0 3,0500000000000003 0,2 55,58879609749019
858,0 3,1 0,2 54,53234701447176
859,0 3,1500000000000004 0,2 53,491739153266295
860,0 3,2 0,2 52,46663610357398
861,0 3,25 0,2 51,456698411463634
862,0 3,3000000000000003 0,2 50,461583662856974
863,0 3,35 0,2 49,48094656666005
864,0 3,4000000000000004 0,2 48,51443903751295
865,0 3,45 0,2 47,561710278130775
866,0 3,5 0,2 46,62240686121101
867,0 3,5500000000000003 0,2 45,69617281088497
868,0 3,6 0,2 44,782649683692874
869,0 3,6500000000000004 0,2 43,88147664906475
870,0 3,7 0,2 42,99229056929169
871,0 3,75 0,2 42,1147260789736
872,0 3,8000000000000003 0,2 41,24841566393303
873,0 3,85 0,2 40,39298973958561
874,0 3,9000000000000004 0,2 39,548076728760904
875,0 3,95 0,2 38,71330313896931
876,0 4,0 0,2 37,8882936391126
877,0 4,05 0,2 37,072671135638586
878,0 4,1000000000000005 0,2 36,26605684814188
879,0 4,15 0,2 35,46807038441545
880,0 4,2 0,2 34,678329814959966
881,0 4,25 0,2 33,89645174696101
882,0 4,3 0,2 33,122051397748216
883,0 4,3500000000000005 0,2 32,354742667757115
884,0 4,4 0,2 31,594138213027346
885,0 4,45 0,2 30,83984951729645
886,0 4,5 0,2 30,091486963804996
887,0 4,55 0,2 29,34865990705184
888,0 4,6000000000000005 0,2 28,61097674501226
889,0 4,65 0,2 27,878044992944155
890,0 4,7 0,2 27,14947136127538
891,0 4,75 0,2 26,424861843136608
892,0 4,800000000000001 0,2 25,703821824153405
893,0 4,8500000000000005 0,2 24,985956247316413
894,0 4,9 0,2 24,270870022648833
895,0 4,95 0,2 23,558172044560052
