299
0.0 0.0 0.0 279.9982470152622
1.0 0.05 0.0 277.4982472152446
2.0 0.1 0.0 274.9982478151462
3.0 0.15000000000000002 0.0 272.4982488148298
4.0 0.2 0.0 269.9982502140672
5.0 0.25 0.0 267.4982520125394
6.0 0.30000000000000004 0.0 264.9982542098361
7.0 0.35000000000000003 0.0 262.4982568054558
8.0 0.4 0.0 259.9982597988066
9.0 0.45 0.0 257.49826318920526
10.0 0.5 0.0 254.99826697587855
11.0 0.55 0.0 252.49827115796245
12.0 0.6000000000000001 0.0 249.99827573450264
13.0 0.65 0.0 247.49828070445503
14.0 0.7000000000000001 0.0 244.99828606668555
15.0 0.75 0.0 242.4982918199709
16.0 0.8 0.0 239.99829796299824
17.0 0.8500000000000001 0.0 237.498304494366
18.0 0.9 0.0 234.99831141258406
19.0 0.9500000000000001 0.0 232.4983187160738
20.0 1.0 0.0 229.99832640316913
21.0 1.05 0.0 227.4983344721157
22.0 1.1 0.0 224.9983429210725
23.0 1.1500000000000001 0.0 222.4983517481118
24.0 1.2000000000000002 0.0 219.99836095121958
25.0 1.25 0.0 217.49837052829625
26.0 1.3 0.0 214.99838047715667
27.0 1.35 0.0 212.49839079553067
28.0 1.4000000000000001 0.0 209.99840148106415
29.0 1.4500000000000002 0.0 207.49841253131893
30.0 1.5 0.0 204.99842394377384
31.0 1.55 0.0 202.49843571582505
32.0 1.6 0.0 199.9984478447866
33.0 1.6500000000000001 0.0 197.49846032789102
34.0 1.7000000000000002 0.0 194.9984731622902
35.0 1.75 0.0 192.49848634505597
36.0 1.8 0.0 189.99849987318038
37.0 1.85 0.0 187.49851374357684
38.0 1.9000000000000001 0.0 184.9985279530806
39.0 1.9500000000000002 0.0 182.4985424984496
40.0 2.0 0.0 179.9985573763653
41.0 2.0500000000000003 0.0 177.49857258343314
42.0 2.1 0.0 174.99858811618347
43.0 2.15 0.0 172.4986039710722
44.0 2.2 0.0 169.99862014448195
45.0 2.25 0.0 167.49863663272248
46.0 2.3000000000000003 0.0 164.99865343203183
47.0 2.35 0.0 162.49867053857707
48.0 2.4000000000000004 0.0 159.99868794845509
49.0 2.45 0.0 157.49870565769365
50.0 2.5 0.0 154.9987236622521
51.0 2.5500000000000003 0.0 152.49874195802258
52.0 2.6 0.0 149.99876054083066
53.0 2.6500000000000004 0.0 147.49877940643643
54.0 2.7 0.0 144.99879855053555
55.0 2.75 0.0 142.49881796876
56.0 2.8000000000000003 0.0 139.99883765667914
57.0 2.85 0.0 137.49885760980112
58.0 2.9000000000000004 0.0 134.99887782357334
59.0 2.95 0.0 132.49889829338372
60.0 3.0 0.0 129.99891901456192
61.0 3.0500000000000003 0.0 127.49893998238008
62.0 3.1 0.0 124.9989611920542
63.0 3.1500000000000004 0.0 122.49898263874496
64.0 3.2 0.0 119.99900431755914
65.0 3.25 0.0 117.49902622355039
66.0 3.3000000000000003 0.0 114.99904835172055
67.0 3.35 0.0 112.49907069702088
68.0 3.4000000000000004 0.0 109.99909325435296
69.0 3.45 0.0 107.49911601857009
70.0 3.5 0.0 104.99913898447838
71.0 3.5500000000000003 0.0 102.49916214683778
72.0 3.6 0.0 99.99918550036358
73.0 3.6500000000000004 0.0 97.49920903972738
74.0 3.7 0.0 94.99923275955837
75.0 3.75 0.0 92.49925665444458
76.0 3.8000000000000003 0.0 89.9992807189341
77.0 3.85 0.0 87.49930494753634
78.0 3.9000000000000004 0.0 84.9993293347233
79.0 3.95 0.0 82.49935387493069
80.0 4.0 0.0 79.9993785625593
81.0 4.05 0.0 77.49940339197643
82.0 4.1000000000000005 0.0 74.99942835751692
83.0 4.15 0.0 72.49945345348463
84.0 4.2 0.0 69.9994786741537
85.0 4.25 0.0 67.49950401376968
86.0 4.3 0.0 64.99952946655104
87.0 4.3500000000000005 0.0 62.49955502669033
88.0 4.4 0.0 59.99958068835571
89.0 4.45 0.0 57.49960644569221
90.0 4.5 0.0 54.99963229282298
91.0 4.55 0.0 52.49965822385066
92.0 4.6000000000000005 0.0 49.99968423285875
93.0 4.65 0.0 47.499710313912985
94.0 4.7 0.0 44.999736461062675
95.0 4.75 0.0 42.499762668342015
96.0 4.800000000000001 0.0 39.99978892977146
97.0 4.8500000000000005 0.0 37.499815239359194
98.0 4.9 0.0 34.99984159110235
99.0 4.95 0.0 32.49986797886699
100.0 0.025 0.025 278.74824711525343
101.0 0.07500000000000001 0.025 276.24824751519543
102.0 0.125 0.025 273.7482483149881
103.0 0.17500000000000002 0.025 271.24824951444856
104.0 0.225 0.025 268.74825111330335
105.0 0.275 0.025 266.24825311118775
106.0 0.32500000000000007 0.025 263.748255507646
107.0 0.37500000000000006 0.025 261.2482583021312
108.0 0.42500000000000004 0.025 258.748261494006
109.0 0.47500000000000003 0.025 256.24826508254193
110.0 0.525 0.025 253.74826906692053
111.0 0.5750000000000001 0.025 251.24827344623256
112.0 0.6250000000000001 0.025 248.74827821947883
113.0 0.675 0.025 246.2482833855703
114.0 0.7250000000000001 0.025 243.74828894332825
115.0 0.775 0.025 241.24829489148456
116.0 0.8250000000000001 0.025 238.74830122868212
117.0 0.8750000000000001 0.025 236.24830795347503
118.0 0.925 0.025 233.74831506432895
119.0 0.9750000000000001 0.025 231.24832255962147
120.0 1.025 0.025 228.74833043764244
121.0 1.075 0.025 226.24833869659412
122.0 1.125 0.025 223.74834733459215
123.0 1.175 0.025 221.24835634966573
124.0 1.225 0.025 218.7483657397579
125.0 1.275 0.025 216.2483755027265
126.0 1.325 0.025 213.74838563634367
127.0 1.375 0.025 211.24839613829747
128.0 1.425 0.025 208.74840700619157
129.0 1.475 0.025 206.24841823754642
130.0 1.525 0.025 203.7484298297995
131.0 1.575 0.025 201.24844178030585
132.0 1.625 0.025 198.74845408633882
133.0 1.675 0.025 196.24846674509064
134.0 1.725 0.025 193.74847975367308
135.0 1.775 0.025 191.2484931091182
136.0 1.825 0.025 188.74850680837864
137.0 1.875 0.025 186.24852084832875
138.0 1.925 0.025 183.74853522576515
139.0 1.975 0.025 181.24854993740746
140.0 2.025 0.025 178.74856497989927
141.0 2.075 0.025 176.24858034980832
142.0 2.125 0.025 173.74859604362786
143.0 2.175 0.025 171.2486120577771
144.0 2.225 0.025 168.74862838860224
145.0 2.275 0.025 166.2486450323772
146.0 2.325 0.025 163.74866198530447
147.0 2.375 0.025 161.2486792435161
148.0 2.4250000000000003 0.025 158.74869680307438
149.0 2.475 0.025 156.24871465997288
150.0 2.525 0.025 153.74873281013734
151.0 2.575 0.025 151.24875124942665
152.0 2.625 0.025 148.74876997363356
153.0 2.6750000000000003 0.025 146.248788978486
154.0 2.725 0.025 143.7488082596478
155.0 2.775 0.025 141.24882781271958
156.0 2.825 0.025 138.74884763324016
157.0 2.875 0.025 136.24886771668724
158.0 2.9250000000000003 0.025 133.74888805847854
159.0 2.975 0.025 131.24890865397285
160.0 3.025 0.025 128.74892949847103
161.0 3.075 0.025 126.24895058721714
162.0 3.125 0.025 123.74897191539958
163.0 3.1750000000000003 0.025 121.24899347815206
164.0 3.225 0.025 118.74901527055476
165.0 3.275 0.025 116.24903728763547
166.0 3.325 0.025 113.74905952437071
167.0 3.375 0.025 111.24908197568693
168.0 3.4250000000000003 0.025 108.74910463646152
169.0 3.475 0.025 106.24912750152424
170.0 3.525 0.025 103.74915056565811
171.0 3.575 0.025 101.2491738236007
172.0 3.625 0.025 98.7491972700455
173.0 3.6750000000000003 0.025 96.24922089964286
174.0 3.725 0.025 93.74924470700148
175.0 3.775 0.025 91.24926868668935
176.0 3.825 0.025 88.74929283323523
177.0 3.875 0.025 86.24931714112984
178.0 3.9250000000000003 0.025 83.749341604827
179.0 3.975 0.025 81.249366218745
180.0 4.025 0.025 78.74939097726784
181.0 4.075 0.025 76.24941587474667
182.0 4.125000000000001 0.025 73.74944090550073
183.0 4.175000000000001 0.025 71.24946606381914
184.0 4.2250000000000005 0.025 68.74949134396167
185.0 4.275 0.025 66.24951674016032
186.0 4.325 0.025 63.749542246620685
187.0 4.375000000000001 0.025 61.24956785752299
188.0 4.425000000000001 0.025 58.74959356702393
189.0 4.4750000000000005 0.025 56.24961936925757
190.0 4.525 0.025 53.749645258336784
191.0 4.575 0.025 51.24967122835471
192.0 4.625000000000001 0.025 48.749697273385834
193.0 4.675000000000001 0.025 46.249723387487805
194.0 4.7250000000000005 0.025 43.74974956470231
195.0 4.775 0.025 41.24977579905674
196.0 4.825000000000001 0.025 38.749802084565296
197.0 4.875000000000001 0.025 36.249828415230745
198.0 4.925000000000001 0.025 33.74985478504538
199.0 0.0 0.05 279.99824711525343
200.0 0.05 0.05 277.49824731522443
201.0 0.1 0.05 274.9982479150918
202.0 0.15000000000000002 0.05 272.49824891471843
203.0 0.2 0.05 269.998250313876
204.0 0.25 0.05 267.4982521122456
205.0 0.30000000000000004 0.05 264.9982543094169
206.0 0.35000000000000003 0.05 262.4982569048886
207.0 0.4 0.05 259.9982598980686
208.0 0.45 0.05 257.49826328827396
209.0 0.5 0.05 254.99826707473116
210.0 0.55 0.05 252.49827125657654
211.0 0.6000000000000001 0.05 249.99827583285568
212.0 0.65 0.05 247.49828080252456
213.0 0.7000000000000001 0.05 244.99828616444927
214.0 0.75 0.05 242.4982919174064
215.0 0.8 0.05 239.99829806008336
216.0 0.8500000000000001 0.05 237.49830459107858
217.0 0.9 0.05 234.99831150890196
218.0 0.9500000000000001 0.05 232.49831881197522
219.0 1.0 0.05 229.99832649863197
220.0 1.05 0.05 227.49833456711832
221.0 1.1 0.05 224.99834301559315
222.0 1.1500000000000001 0.05 222.49835184212898
223.0 1.2000000000000002 0.05 219.99836104471177
224.0 1.25 0.05 217.4983706212422
225.0 1.3 0.05 214.99838056953513
226.0 1.35 0.05 212.49839088732062
227.0 1.4000000000000001 0.05 209.99840157224455
228.0 1.4500000000000002 0.05 207.498412621869
229.0 1.5 0.05 204.998424033673
230.0 1.55 0.05 202.4984358050527
231.0 1.6 0.05 199.99844793332238
232.0 1.6500000000000001 0.05 197.49846041571473
233.0 1.7000000000000002 0.05 194.99847324938187
234.0 1.75 0.05 192.49848643139563
235.0 1.8 0.05 189.99849995874843
236.0 1.85 0.05 187.49851382835368
237.0 1.9000000000000001 0.05 184.99852803704695
238.0 1.9500000000000002 0.05 182.4985425815863
239.0 2.0 0.05 179.99855745865335
240.0 2.0500000000000003 0.05 177.49857266485378
241.0 2.1 0.05 174.9985881967181
242.0 2.15 0.05 172.49860405070248
243.0 2.2 0.05 169.99862022318965
244.0 2.25 0.05 167.49863671048973
245.0 2.3000000000000003 0.05 164.9986535088408
246.0 2.35 0.05 162.4986706144103
247.0 2.4000000000000004 0.05 159.99868802329522
248.0 2.45 0.05 157.49870573152361
249.0 2.5 0.05 154.99872373505508
250.0 2.5500000000000003 0.05 152.49874202978197
251.0 2.6 0.05 149.99876061153012
252.0 2.6500000000000004 0.05 147.49877947605975
253.0 2.7 0.05 144.99879861906695
254.0 2.75 0.05 142.49881803618368
255.0 2.8000000000000003 0.05 139.99883772297989
256.0 2.85 0.05 137.49885767496372
257.0 2.9000000000000004 0.05 134.99887788758286
258.0 2.95 0.05 132.49889835622568
259.0 3.0 0.05 129.99891907622194
260.0 3.0500000000000003 0.05 127.49894004284405
261.0 3.1 0.05 124.99896125130834
262.0 3.1500000000000004 0.05 122.49898269677581
263.0 3.2 0.05 119.99900437435343
264.0 3.25 0.05 117.4990262790951
265.0 3.3000000000000003 0.05 114.99904840600308
266.0 3.35 0.05 112.49907075002884
267.0 3.4000000000000004 0.05 109.99909330607422
268.0 3.45 0.05 107.49911606899286
269.0 3.5 0.05 104.99913903359116
270.0 3.5500000000000003 0.05 102.49916219462938
271.0 3.6 0.05 99.99918554682309
272.0 3.6500000000000004 0.05 97.49920908484418
273.0 3.7 0.05 94.99923280332217
274.0 3.75 0.05 92.4992566968454
275.0 3.8000000000000003 0.05 89.99928075996228
276.0 3.85 0.05 87.49930498718253
277.0 3.9000000000000004 0.05 84.99932937297841
278.0 3.95 0.05 82.499353911786
279.0 4.0 0.05 79.99937859800644
280.0 4.05 0.05 77.49940342600726
281.0 4.1000000000000005 0.05 74.9994283901237
282.0 4.15 0.05 72.49945348465995
283.0 4.2 0.05 69.99947870389042
284.0 4.25 0.05 67.499504042061
285.0 4.3 0.05 64.99952949339051
286.0 4.3500000000000005 0.05 62.499555052071834
287.0 4.4 0.05 59.999580712273485
288.0 4.45 0.05 57.49960646814077
289.0 4.5 0.05 54.9996323137972
290.0 4.55 0.05 52.49965824334575
291.0 4.6000000000000005 0.05 49.99968425087026
292.0 4.65 0.05 47.499710330436834
293.0 4.7 0.05 44.99973647609508
294.0 4.75 0.05 42.49976268187954
295.0 4.800000000000001 0.05 39.99978894181101
296.0 4.8500000000000005 0.05 37.499815249898035
297.0 4.9 0.05 34.999841600138076
298.0 4.95 0.05 32.49986798664047
