210
0.0 0.024944812 -0.008344371 50.64055462522494
1.0 0.029426049 -0.008830022 49.23006583056184
2.0 0.024856512 -0.015275938 30.077881276909398
3.0 0.022317881 -0.014260486 33.10696993223996
4.0 0.031854305 -0.009801325 46.34865796908487
5.0 0.03200883 -0.014260486 33.09337708767513
6.0 0.022450331 -0.009845475 46.180725987879605
7.0 0.023642384 -0.008852097 49.12508307149613
8.0 0.030927152 -0.015364238 29.813117729180906
9.0 0.023377483 -0.015364238 29.82081438281003
10.0 0.030838852 -0.008741722 49.49793260667545
11.0 0.032273731 -0.015607064 29.091795258412255
12.0 0.02200883 -0.015607064 29.107779833723395
13.0 0.02214128 -0.008410596 50.4157315303061
14.0 0.032229581 -0.008344371 50.68333266516301
15.0 0.031766004 -0.016666667 25.943061329833707
16.0 0.030242826 -0.016666667 25.942865497170747
17.0 0.028697572 -0.016666667 25.942699664688362
18.0 0.027152318 -0.016666667 25.942865665543472
19.0 0.025607064 -0.016666667 25.94386270776288
20.0 0.02406181 -0.016666667 25.946370182485595
21.0 0.022516556 -0.016666667 25.951608777467342
22.0 0.020971302 -0.016666667 25.961228080188295
23.0 0.020971302 -0.015099338 30.62942811607492
24.0 0.020971302 -0.013509934 35.35075508629483
25.0 0.020971302 -0.011942605 39.9915604825484
26.0 0.020971302 -0.010375276 44.61847167965079
27.0 0.020971302 -0.008807947 49.23469394498227
28.0 0.020971302 -0.007240618 53.84706971488393
29.0 0.022516556 -0.007240618 53.87583845751038
30.0 0.02406181 -0.007240618 53.900763254292855
31.0 0.025607064 -0.007240618 53.921844215692786
32.0 0.027152318 -0.007240618 53.93908156194524
33.0 0.028697572 -0.007240618 53.95247576251586
34.0 0.030242826 -0.007240618 53.962027146221644
35.0 0.031766004 -0.007240618 53.96768144106574
36.0 0.033311258 -0.007240618 53.96960266272869
37.0 0.033311258 -0.008807947 49.30466598386816
38.0 0.033311258 -0.010375276 44.64271415116918
39.0 0.033311258 -0.011942605 39.9827986764649
40.0 0.033311258 -0.013509934 35.324157790040054
41.0 0.033311258 -0.015099338 30.600654297394584
42.0 0.033311258 -0.016666667 25.943136304133496
43.0 0.029470199 -0.015209713 30.271871061804735
44.0 0.031854305 -0.012803532 37.42330822549754
45.0 0.022604857 -0.011368653 41.67675466659481
46.0 0.022560706 -0.012825607 37.361860747729914
47.0 0.031743929 -0.011280353 41.950823771563854
48.0 0.02790287 -0.008697572 49.61558459893945
49.0 0.026445916 -0.015121413 30.534537624904985
50.0 0.027969095 -0.015099338 30.599563440586255
51.0 0.026401766 -0.008565121 49.998355031572004
52.0 0.030529801 -0.01388521 34.207943520802274
53.0 0.028984547 -0.013642384 34.928402262655375
54.0 0.027373068 -0.013465784 35.451953960655956
55.0 0.025496689 -0.013818985 34.40379896624495
56.0 0.02388521 -0.013907285 34.1458104972413
57.0 0.030309051 -0.012273731 38.99647998156738
58.0 0.0301766 -0.010485651 44.31060373146351
59.0 0.028520971 -0.010286976 44.89616547920481
60.0 0.028785872 -0.01196468 39.91240555622839
61.0 0.026887417 -0.01004415 45.61073841918086
62.0 0.027306843 -0.011611479 40.95864398888136
63.0 0.02602649 -0.012538631 38.204391557641436
64.0 0.024282561 -0.012317881 38.860292716533415
65.0 0.025253863 -0.009690949 46.6505957327709
66.0 0.025629139 -0.011147903 42.33078539077429
67.0 0.02401766 -0.010596026 43.96360926121494
68.0 0.033311258 -0.005342163 53.973097545006326
69.0 0.031766004 -0.005342163 53.971176293664385
70.0 0.030242826 -0.005342163 53.965521899505944
71.0 0.028697572 -0.005342163 53.95597032929097
72.0 0.027152318 -0.005342163 53.94257583833856
73.0 0.025607064 -0.005342163 53.9253380418811
74.0 0.02406181 -0.005342163 53.90425634337871
75.0 0.022516556 -0.005342163 53.87932976614088
76.0 0.020971302 -0.005342163 53.85055595099222
77.0 0.019337748 -0.005342163 53.81593795732512
78.0 0.017704194 -0.005342163 53.77700625200248
79.0 0.01607064 -0.005342163 53.733714800762975
80.0 0.014437086 -0.005342163 53.68580343188512
81.0 0.012825607 -0.005342163 53.632417441445746
82.0 0.011346578 -0.004790287 53.57888168293528
83.0 0.010750552 -0.003333333 53.54171122415082
84.0 0.010750552 -0.003311258 53.541339519064145
85.0 0.011103753 -0.001743929 53.51453896245337
86.0 0.011236203 -1.3245E-4 53.49383259402879
87.0 0.011147903 0.001479029 53.479258346020885
88.0 0.010816777 0.003068433 53.469623391146385
89.0 0.010264901 0.004569536 53.46382186799388
90.0 0.009492274 0.006004415 53.46089144863787
91.0 0.008543046 0.007306843 53.46029187162202
92.0 0.007395143 0.008454746 53.461227450738896
93.0 0.00611479 0.009426049 53.46300059432179
94.0 0.004701987 0.010198675 53.46492637970629
95.0 0.003200883 0.010772627 53.466656227460184
96.0 0.001611479 0.011125828 53.46785083112932
97.0 0.0 0.011236203 53.46825272060437
98.0 0.0 0.01 53.46410561076768
99.0 0.001743929 0.009845475 53.46352394935673
100.0 0.003421634 0.009381898 53.461920763508274
101.0 0.004988962 0.008653422 53.45982240719513
102.0 0.006423841 0.007660044 53.45784832025822
103.0 0.007660044 0.006423841 53.4569606347535
104.0 0.008653422 0.004988962 53.458389249443854
105.0 0.009381898 0.003421634 53.46341537541517
106.0 0.009845475 0.001743929 53.47361414532228
107.0 0.009977925 0.0 53.49050406208189
108.0 0.009845475 -0.001743929 53.51484755899767
109.0 0.009381898 -0.003421634 53.54125369932732
110.0 0.008653422 -0.004988962 53.54577061558377
111.0 0.007660044 -0.006423841 53.521302511318105
112.0 0.006423841 -0.007660044 53.47900282200348
113.0 0.004988962 -0.008653422 53.443515230230176
114.0 0.003421634 -0.009381898 53.418192995549624
115.0 0.001743929 -0.009845475 53.40261094383086
116.0 0.0 -0.01 53.39738453271149
117.0 0.0 -0.011236203 53.398837693900326
118.0 0.001390728 -0.011125828 53.40172137989227
119.0 0.002759382 -0.010816777 53.409823678894526
120.0 0.00410596 -0.010441501 53.422657512932815
121.0 0.005342163 -0.009801325 53.4412745688804
122.0 0.006556291 -0.009116998 53.46494818917537
123.0 0.007593819 -0.008189845 53.49326189778687
124.0 0.008609272 -0.007240618 53.5297922915184
125.0 0.010375276 -0.007240618 53.570548997761406
126.0 0.01214128 -0.007240618 53.61488338702636
127.0 0.013907285 -0.007240618 53.66737115018215
128.0 0.015673289 -0.007240618 53.71933243044128
129.0 0.017439294 -0.007240618 53.76688335518237
130.0 0.019205298 -0.007240618 53.80948869930815
131.0 0.011059603 -0.005871965 53.58261279501454
132.0 0.009426049 -0.00607064 53.55191595548626
133.0 0.010198675 -0.004547461 53.557070003092626
134.0 0.0 -0.012604857 46.36539568933059
135.0 0.0 -0.013951435 40.08386772662072
136.0 0.0 -0.015298013 34.16477042139163
137.0 0.0 -0.016666667 28.37733065797714
138.0 0.001743929 -0.016666667 28.278006885767777
139.0 0.003487859 -0.016666667 28.001158140252954
140.0 0.005231788 -0.016666667 27.611172304531053
141.0 0.006997792 -0.016666667 27.20094136748187
142.0 0.008741722 -0.016666667 26.83221321848568
143.0 0.010485651 -0.016666667 26.539486767897777
144.0 0.012229581 -0.016666667 26.315137386748574
145.0 0.01397351 -0.016666667 26.170007511293566
146.0 0.015717439 -0.016666667 26.075201627954574
147.0 0.017461369 -0.016666667 26.016133712953824
148.0 0.019227373 -0.016666667 25.980622655405153
149.0 0.019779249 -0.015584989 29.202184921449717
150.0 0.001147903 -0.015717439 32.30518756250495
151.0 0.019801325 -0.008300221 50.717090330027325
152.0 0.001103753 -0.01214128 48.43008890470629
153.0 0.001346578 -0.014525386 37.38553254517989
154.0 0.001368653 -0.013289183 42.89571264014923
155.0 0.019514349 -0.009668874 46.70496455766694
156.0 0.019426049 -0.01419426 33.35121725237299
157.0 0.019337748 -0.011169978 42.29843577636257
158.0 0.002582781 -0.012384106 46.353325700994745
159.0 0.019028698 -0.012693157 37.81326309225563
160.0 0.00397351 -0.01187638 47.34625965926361
161.0 0.018256071 -0.015364238 29.899598861213278
162.0 0.018300221 -0.008565121 49.93505950351676
163.0 0.002626932 -0.015408389 33.31097580024554
164.0 0.016600442 -0.015298013 30.168588723656335
165.0 0.014856512 -0.015320088 30.222818701694123
166.0 0.013024283 -0.015253863 30.63332854398664
167.0 0.011192053 -0.014988962 31.801060411523565
168.0 0.009514349 -0.015298013 31.247725278912437
169.0 0.007704194 -0.015320088 31.766955145860425
170.0 0.00602649 -0.015298013 32.51436765259727
171.0 0.004216336 -0.015143488 33.836827331559626
172.0 0.016666667 -0.008675497 49.624015090314124
173.0 0.014922737 -0.008697572 49.60217649225683
174.0 0.013112583 -0.008741722 49.58897926401672
175.0 0.011346578 -0.008653422 50.06567047902742
176.0 0.009448124 -0.008697572 50.58760265697436
177.0 0.00803532 -0.009668874 49.61574972885173
178.0 0.005386313 -0.011258278 48.11304983190868
179.0 0.006710817 -0.010573951 48.7051101343772
180.0 0.002759382 -0.013995585 39.187611169652364
181.0 0.003951435 -0.013355408 41.195449332758756
182.0 0.005253863 -0.01406181 37.55411571556876
183.0 0.005386313 -0.012715232 42.588788440634545
184.0 0.006799117 -0.013774834 37.65328989599297
185.0 0.006732892 -0.012119205 43.51284621166506
186.0 0.008057395 -0.011280353 44.9904594011268
187.0 0.008145695 -0.012803532 40.08547725572048
188.0 0.008344371 -0.014172185 35.43675324386745
189.0 0.009359823 -0.010463576 46.28915824492423
190.0 0.010662252 -0.009889625 47.088538778766
191.0 0.009492274 -0.01209713 41.46781090069592
192.0 0.009735099 -0.013752759 36.18086481573744
193.0 0.010838852 -0.011346578 42.99330876238379
194.0 0.010949227 -0.013046358 37.9178989943966
195.0 0.012339956 -0.013774834 35.2991813470771
196.0 0.014083885 -0.014039735 34.183291162091336
197.0 0.01584989 -0.013995585 34.12412200412671
198.0 0.012339956 -0.010264901 45.54409711066526
199.0 0.012163355 -0.01200883 40.62471112912587
200.0 0.013421634 -0.012781457 38.05501790666824
201.0 0.013730684 -0.011434879 41.94016016417191
202.0 0.014216336 -0.010110375 45.661525461943945
203.0 0.014988962 -0.012715232 38.01714480617832
204.0 0.016092715 -0.010110375 45.509980207628224
205.0 0.016887417 -0.012715232 37.847353360466784
206.0 0.017505519 -0.011456954 41.51588337952689
207.0 0.017880795 -0.010022075 45.696959513788
208.0 0.015584989 -0.011434879 41.70816532134015
209.0 0.017704194 -0.01397351 34.070772882794834
