12
1.0 0.0 0.0 0.0 0.0 0.0 0.0 0.0 0.0 0.0 0.0 0.0
0.5 1.0 0.0 0.0 0.0 0.0 0.0 0.0 0.0 0.0 0.0 0.0
0.3333333333333333 1.0000000000000004 1.0 0.0 0.0 0.0 0.0 0.0 0.0 0.0 0.0 0.0
0.25 0.9000000000000004 1.5000000000000013 1.0 0.0 0.0 0.0 0.0 0.0 0.0 0.0 0.0
0.2 0.8 1.714285714285721 1.9999999999999272 1.0 0.0 0.0 0.0 0.0 0.0 0.0 0.0
0.16666666666666666 0.7142857142857144 1.785714285714294 2.777777777777644 2.500000000001205 1.0 0.0 0.0 0.0 0.0 0.0 0.0
0.14285714285714285 0.642857142857143 1.7857142857142927 3.3333333333332282 4.090909090908632 3.0000000001595764 1.0 0.0 0.0 0.0 0.0 0.0
0.125 0.5833333333333334 1.7500000000000107 3.7121212121210005 5.5681818181819525 5.653846154214541 3.5000000031172056 1.0 0.0 0.0 0.0 0.0
0.1111111111111111 0.5333333333333335 1.696969696969704 3.9595959595957737 6.853146853146619 8.61538461596281 7.466666679186115 3.9999999085526667 1.0 0.0 0.0 0.0
0.1 0.490909090909091 1.6363636363636431 4.111888111887949 7.930069930068199 11.630769231613813 12.60000002480863 9.52941157158761 4.499993913846844 1.0 0.0 0.0
0.09090909090909091 0.4545454545454546 1.5734265734265822 4.195804195803964 8.811188811188062 14.538461539516755 18.529411805820104 17.64705849039225 11.842083028965167 4.999832317995012 1.0 0.0
0.08333333333333333 0.42307692307692324 1.510989010989016 4.230769230769081 9.51923076922876 17.24660633611451 24.91176476530173 28.09597474999075 23.88152650677534 14.404039758680424 5.4961467582994885 1.0
