12
1.0 0.5 0.3333333333333333 0.25 0.2 0.16666666666666666 0.14285714285714285 0.125 0.1111111111111111 0.1 0.09090909090909091 0.08333333333333333
0.0 0.08333333333333331 0.08333333333333334 0.07500000000000001 0.06666666666666665 0.05952380952380952 0.053571428571428575 0.048611111111111105 0.04444444444444445 0.04090909090909091 0.03787878787878787 0.03525641025641026
0.0 0.0 0.005555555555555522 0.00833333333333329 0.009523809523809504 0.0099206349206349 0.009920634920634892 0.009722222222222215 0.009427609427609403 0.009090909090909066 0.008741258741258737 0.008394383394383371
0.0 0.0 0.0 3.5714285714287183E-4 7.142857142857176E-4 9.920634920634955E-4 0.0011904761904762036 0.0013257575757575652 0.0014141414141414146 0.0014685314685314813 0.0014985014985014772 0.0015109890109890195
0.0 0.0 0.0 0.0 2.2675736961463855E-5 5.668934240368002E-5 9.276437847870536E-5 1.2626262626268215E-4 1.5540015540022956E-4 1.7982017982023186E-4 1.9980019980029608E-4 2.1585557299850112E-4
0.0 0.0 0.0 0.0 0.0 1.4315490504753121E-6 4.294647151655923E-6 8.093758093610163E-6 1.23333456664448E-5 1.6650016649797424E-5 2.0812520812234312E-5 2.468936292436086E-5
0.0 0.0 0.0 0.0 0.0 0.0 9.009749234929775E-8 3.153412235219954E-7 6.727279440710119E-7 1.1352284059151481E-6 1.6694535385236727E-6 2.244487535463634E-6
0.0 0.0 0.0 0.0 0.0 0.0 0.0 5.659970653374173E-9 2.2639882110967714E-8 5.393618993400154E-8 9.988183334213879E-8 1.5902239284435336E-7
0.0 0.0 0.0 0.0 0.0 0.0 0.0 0.0 3.551367134159045E-10 1.5981130394793306E-9 4.205558466260287E-9 8.481206901139944E-9
0.0 0.0 0.0 0.0 0.0 0.0 0.0 0.0 0.0 2.2267700021640965E-11 1.1133476522375638E-10 3.207448030635442E-10
0.0 0.0 0.0 0.0 0.0 0.0 0.0 0.0 0.0 0.0 1.3994796723597306E-12 7.69185225454463E-12
0.0 0.0 0.0 0.0 0.0 0.0 0.0 0.0 0.0 0.0 0.0 9.376712741673E-14
