25 Count=36036
0.0 0.0 0.0 20.0
1.0 0.33333333 0.0 20.0
2.0 0.66666667 0.0 20.0
3.0 1.0 0.0 20.0
4.0 0.16666667 0.16666667 17.970348567260764
5.0 0.5 0.16666667 17.24060357935085
6.0 0.83333333 0.16666667 14.875197960260119
7.0 0.0 0.33333333 16.24644797665631
8.0 0.33333333 0.33333333 15.634946554289957
9.0 0.66666667 0.33333333 13.327468094241018
10.0 1.0 0.33333333 6.173324147151372
11.0 0.16666667 0.5 14.522547278031551
12.0 0.5 0.5 12.806286478599866
13.0 0.83333333 0.5 8.38778425469033
14.0 0.0 0.66666667 13.5662010918243
15.0 0.33333333 0.66666667 12.642593535408906
16.0 0.66666667 0.66666667 9.620137730459579
17.0 1.0 0.66666667 4.4302066765870896
18.0 0.16666667 0.83333333 12.609854948652629
19.0 0.5 0.83333333 10.63168544134144
20.0 0.83333333 0.83333333 6.654795133644999
21.0 0.0 1.0 12.60985494816155
22.0 0.33333333 1.0 11.620770217251444
23.0 0.66666667 1.0 8.643240222284208
24.0 1.0 1.0 3.9255955635765827
