  0.00000000   0.14285714  17.81386354
  0.00000000   0.07142857  18.89773081
  0.00000000   0.28571429  15.76999443
  0.00000000   0.35714286  14.83986947
  0.00000000   0.42857143  13.98709999
  0.00000000   0.50000000  13.22079647
  0.00000000   0.78571429  11.13042939
  0.00000000   0.71428571  11.49991869
  0.00000000   0.85714286  10.86587268
  0.00000000   0.92857143  10.70692802
  0.00000000   0.21428571  16.76595608
  0.00000000   0.57142857  12.54782197
  0.00000000   1.00000000  10.65391576
  0.00000000   0.64285714  11.97308787
  0.00000000   0.00000000  19.99898240
  0.03571429   0.39285714  14.39288391
  0.03571429   0.46428571  13.58136338
  0.03571429   0.25000000  16.25313324
  0.03571429   0.32142857  15.28690590
  0.03571429   0.10714286  18.34893714
  0.03571429   0.03571429  19.44654248
  0.03571429   0.17857143  17.27882343
  0.03571429   0.89285714  10.75994297
  0.03571429   0.96428571  10.65391752
  0.03571429   0.75000000  11.28906087
  0.03571429   0.82142857  10.97180959
  0.03571429   0.60714286  12.23540656
  0.03571429   0.53571429  12.86027045
  0.03571429   0.67857143  11.71079425
  0.07142857   0.35714286  14.80098824
  0.07142857   0.85714286  10.81303791
  0.07142857   0.21428571  16.73980501
  0.07142857   0.71428571  11.44800773
  0.07142857   0.07142857  18.88845782
  0.07142857   0.42857143  13.94367787
  0.07142857   0.50000000  13.17396838
  0.07142857   0.57142857  12.49856939
  0.07142857   0.78571429  11.07791638
  0.07142857   0.28571429  15.73687499
  0.07142857   0.64285714  11.92220507
  0.07142857   0.92857143  10.65394402
  0.07142857   0.14285714  17.79574970
  0.07142857   1.00000000  10.60088936
  0.07142857   0.00000000  19.99927795
  0.10714286   0.39285714  14.30998275
  0.10714286   0.46428571  13.49057885
  0.10714286   0.25000000  16.19328028
  0.10714286   0.32142857  15.21428638
  0.10714286   0.10714286  18.32123217
  0.10714286   0.03571429  19.43715810
  0.10714286   0.17857143  17.23407763
  0.10714286   0.89285714  10.65405885
  0.10714286   0.96428571  10.54786381
  0.10714286   0.75000000  11.18446397
  0.10714286   0.82142857  10.86635283
  0.10714286   0.60714286  12.13492287
  0.10714286   0.53571429  12.76374398
  0.10714286   0.67857143  11.60774603
  0.14285714   0.57142857  12.35001676
  0.14285714   0.07142857  18.86019613
  0.14285714   0.50000000  13.03249715
  0.14285714   0.78571429  10.92010352
  0.14285714   0.71428571  11.29185394
  0.14285714   0.64285714  11.76895754
  0.14285714   0.85714286  10.65436810
  0.14285714   0.92857143  10.49489249
  0.14285714   0.21428571  16.66026098
  0.14285714   0.14285714  17.74058611
  0.14285714   0.35714286  14.68310666
  0.14285714   0.28571429  15.63628896
  0.14285714   0.42857143  13.81226532
  0.14285714   1.00000000  10.44173274
  0.14285714   0.00000000  20.00000594
  0.17857143   0.39285714  14.14175357
  0.17857143   0.46428571  13.30685194
  0.17857143   0.25000000  16.07118865
  0.17857143   0.32142857  15.06652306
  0.17857143   0.03571429  19.41792988
  0.17857143   0.10714286  18.26451161
  0.17857143   0.17857143  17.14260957
  0.17857143   0.89285714  10.44204732
  0.17857143   0.96428571  10.33560152
  0.17857143   0.75000000  10.97459340
  0.17857143   0.82142857  10.65502062
  0.17857143   0.53571429  12.56890084
  0.17857143   0.60714286  11.93256577
  0.17857143   0.67857143  11.40064242
  0.21428571   0.42857143  13.58935632
  0.21428571   0.50000000  12.79339015
  0.21428571   0.57142857  12.09977713
  0.21428571   0.78571429  10.65620872
  0.21428571   0.92857143  10.22951886
  0.21428571   0.35714286  14.48240769
  0.21428571   0.14285714  17.64579141
  0.21428571   0.64285714  11.51156673
  0.21428571   0.71428571  11.03022669
  0.21428571   0.85714286  10.38940959
  0.21428571   0.28571429  15.46442317
  0.21428571   0.21428571  16.52391496
  0.21428571   0.07142857  18.81155138
  0.21428571   1.00000000  10.17625796
  0.21428571   0.00000000  20.00076884
  0.25000000   0.17857143  17.00019974
  0.25000000   0.03571429  19.38786789
  0.25000000   0.46428571  13.02576966
  0.25000000   0.10714286  18.17596052
  0.25000000   0.25000000  15.88180771
  0.25000000   0.32142857  14.83832654
  0.25000000   0.39285714  13.88316979
  0.25000000   0.82142857  10.33705911
  0.25000000   0.75000000  10.65816962
  0.25000000   0.96428571  10.01690957
  0.25000000   0.89285714  10.12350929
  0.25000000   0.53571429  12.27213055
  0.25000000   0.60714286  11.62557668
  0.25000000   0.67857143  11.08752362
  0.28571429   0.78571429  10.28506358
  0.28571429   0.14285714  17.50665002
  0.28571429   0.50000000  12.45156047
  0.28571429   0.71428571  10.66118807
  0.28571429   0.85714286  10.01755075
  0.28571429   0.64285714  11.14713926
  0.28571429   0.35714286  14.19217581
  0.28571429   0.28571429  15.21446817
  0.28571429   0.57142857  11.74387339
  0.28571429   0.92857143   9.85754643
  0.28571429   0.21428571  16.32460083
  0.28571429   0.07142857  18.73996022
  0.28571429   1.00000000   9.80429983
  0.28571429   0.00000000  20.00112937
  0.28571429   0.42857143  13.26888345
  0.32142857   0.17857143  16.79978835
  0.32142857   0.25000000  15.61681064
  0.32142857   0.10714286  18.05081905
  0.32142857   0.46428571  12.64047934
  0.32142857   0.03571429  19.34528891
  0.32142857   0.39285714  13.52625298
  0.32142857   0.32142857  14.52113064
  0.32142857   0.82142857   9.91155202
  0.32142857   0.75000000  10.23346803
  0.32142857   0.96428571   9.59167878
  0.32142857   0.89285714   9.69806720
  0.32142857   0.53571429  11.86795947
  0.32142857   0.60714286  11.20988760
  0.32142857   0.67857143  10.66560069
  0.35714286   0.92857143   9.37889979
  0.35714286   0.14285714  17.31557716
  0.35714286   0.50000000  11.99970627
  0.35714286   0.78571429   9.80532904
  0.35714286   0.28571429  14.87586177
  0.35714286   0.42857143  12.84188943
  0.35714286   0.21428571  16.05255746
  0.35714286   0.57142857  11.27677360
  0.35714286   0.64285714  10.67180283
  0.35714286   0.85714286   9.53824507
  0.35714286   0.71428571  10.18228397
  0.35714286   0.07142857  18.64125741
  0.35714286   0.35714286  13.80223707
  0.35714286   1.00000000   9.32593902
  0.35714286   0.00000000  20.00083735
  0.39285714   0.03571429  19.28750971
  0.39285714   0.32142857  14.10225118
  0.39285714   0.46428571  12.14144601
  0.39285714   0.25000000  15.26353308
  0.39285714   0.39285714  13.05953690
  0.39285714   0.10714286  17.88156389
  0.39285714   0.17857143  16.53039583
  0.39285714   0.75000000   9.69857957
  0.39285714   0.82142857   9.37769218
  0.39285714   0.96428571   9.06017974
  0.39285714   0.89285714   9.16563576
  0.39285714   0.53571429  11.34903713
  0.39285714   0.60714286  10.68025884
  0.39285714   0.67857143  10.13147803
  0.42857143   0.64285714  10.08095908
  0.42857143   0.71428571   9.59085417
  0.42857143   0.50000000  11.42821415
  0.42857143   0.92857143   8.79401923
  0.42857143   0.42857143  12.29610095
  0.42857143   0.14285714  17.06080979
  0.42857143   0.57142857  10.69151730
  0.42857143   0.85714286   8.95133319
  0.42857143   0.78571429   9.21582102
  0.42857143   0.07142857  18.50888436
  0.42857143   0.35714286  13.29812761
  0.42857143   0.28571429  14.43307071
  0.42857143   0.00000000  19.99997701
  0.42857143   0.21428571  15.69299763
  0.42857143   1.00000000   8.74181286
  0.46428571   0.03571429  19.21028422
  0.46428571   0.32142857  13.56363420
  0.46428571   0.46428571  11.51622348
  0.46428571   0.25000000  14.80325362
  0.46428571   0.39285714  12.46736763
  0.46428571   0.10714286  17.65643805
  0.46428571   0.17857143  16.17526307
  0.46428571   0.75000000   9.05180038
  0.46428571   0.82142857   8.73516286
  0.46428571   0.96428571   8.42341693
  0.46428571   0.89285714   8.52678706
  0.46428571   0.53571429  10.70623312
  0.46428571   0.60714286  10.03056278
  0.46428571   0.67857143   9.48152136
  0.50000000   0.71428571   8.88450190
  0.50000000   0.28571429  13.86373909
  0.50000000   0.21428571  15.22373210
  0.50000000   0.42857143  11.61549206
  0.50000000   0.50000000  10.72519965
  0.50000000   0.64285714   9.36972332
  0.50000000   0.78571429   8.51596418
  0.50000000   0.85714286   8.25746716
  0.50000000   0.92857143   8.10426087
  0.50000000   1.00000000   8.05350651
  0.50000000   0.14285714  16.72409322
  0.50000000   0.57142857   9.98003167
  0.50000000   0.00000000  19.99896136
  0.50000000   0.35714286  12.65998404
  0.50000000   0.07142857  18.33243609
  0.53571429   0.39285714  11.72913938
  0.53571429   0.46428571  10.74939541
  0.53571429   0.25000000  14.20848401
  0.53571429   0.32142857  12.88012569
  0.53571429   0.10714286  17.35675555
  0.53571429   0.17857143  15.70864296
  0.53571429   0.03571429  19.10673903
  0.53571429   0.89285714   7.78320371
  0.53571429   0.96428571   7.68355687
  0.53571429   0.75000000   8.29217871
  0.53571429   0.82142857   7.98463519
  0.53571429   0.53571429   9.92898803
  0.53571429   0.60714286   9.25431668
  0.53571429   0.67857143   8.71243212
  0.57142857   0.57142857   9.13379051
  0.57142857   0.92857143   7.31236620
  0.57142857   0.85714286   7.45862965
  0.57142857   0.64285714   8.53364188
  0.57142857   0.21428571  14.61123718
  0.57142857   0.14285714  16.27648732
  0.57142857   0.35714286  11.86125462
  0.57142857   0.28571429  13.13600516
  0.57142857   0.07142857  18.09487602
  0.57142857   0.42857143  10.78005316
  0.57142857   0.78571429   7.70638505
  0.57142857   0.71428571   8.06176605
  0.57142857   0.50000000   9.87689495
  0.57142857   1.00000000   7.26400523
  0.57142857   0.00000000  19.99836854
  0.60714286   0.39285714  10.81876366
  0.60714286   0.46428571   9.82299806
  0.60714286   0.25000000  13.43880415
  0.60714286   0.32142857  12.01732488
  0.60714286   0.10714286  16.95171931
  0.60714286   0.17857143  15.09015725
  0.60714286   0.03571429  18.96523097
  0.60714286   0.89285714   6.93819972
  0.60714286   0.96428571   6.84440474
  0.60714286   0.75000000   7.42023788
  0.60714286   0.82142857   7.12837437
  0.60714286   0.53571429   9.00614848
  0.60714286   0.60714286   8.34560136
  0.60714286   0.67857143   7.82209321
  0.64285714   0.21428571  13.80416564
  0.64285714   0.14285714  15.67043851
  0.64285714   0.85714286   6.55872244
  0.64285714   0.64285714   7.56978416
  0.64285714   0.07142857  17.76681506
  0.64285714   0.42857143   9.76623566
  0.64285714   0.35714286  10.86763565
  0.64285714   0.28571429  12.20491810
  0.64285714   0.92857143   6.42296801
  0.64285714   0.57142857   8.14502312
  0.64285714   0.78571429   6.78963634
  0.64285714   0.71428571   7.12302433
  0.64285714   0.50000000   8.86873567
  0.64285714   1.00000000   6.37817279
  0.64285714   0.00000000  19.99868679
  0.67857143   0.39285714   9.70509460
  0.67857143   0.46428571   8.71797564
  0.67857143   0.25000000  12.43481373
  0.67857143   0.32142857  10.92955056
  0.67857143   0.10714286  16.38777132
  0.67857143   0.17857143  14.25466449
  0.67857143   0.03571429  18.76462489
  0.67857143   0.89285714   5.99726645
  0.67857143   0.96428571   5.91188445
  0.67857143   0.75000000   6.43886423
  0.67857143   0.82142857   6.17092076
  0.67857143   0.53571429   7.92760520
  0.67857143   0.60714286   7.30051006
  0.67857143   0.67857143   6.81072715
  0.71428571   0.35714286   9.63737011
  0.71428571   0.28571429  11.00858391
  0.71428571   0.78571429   5.77100605
  0.71428571   0.85714286   5.56416957
  0.71428571   0.64285714   6.47826682
  0.71428571   0.21428571  12.72296289
  0.71428571   0.07142857  17.29359184
  0.71428571   0.42857143   8.54896087
  0.71428571   0.14285714  14.82405120
  0.71428571   0.71428571   6.07161007
  0.71428571   0.92857143   5.44307728
  0.71428571   0.57142857   7.00869147
  0.71428571   0.50000000   7.68765005
  0.71428571   1.00000000   5.40320096
  0.71428571   0.00000000  20.00007778
  0.75000000   0.25000000  11.11073708
  0.75000000   0.32142857   9.55974750
  0.75000000   0.39285714   8.35479284
  0.75000000   0.46428571   7.41748575
  0.75000000   0.03571429  18.46247782
  0.75000000   0.10714286  15.56482137
  0.75000000   0.17857143  13.09408008
  0.75000000   0.82142857   5.11977265
  0.75000000   0.75000000   5.35429174
  0.75000000   0.96428571   4.89445742
  0.75000000   0.89285714   4.96857506
  0.75000000   0.53571429   6.68706861
  0.75000000   0.60714286   6.11920519
  0.75000000   0.67857143   5.68233414
  0.78571429   0.85714286   4.48444578
  0.78571429   0.14285714  13.58868907
  0.78571429   0.21428571  11.24528549
  0.78571429   0.07142857  16.56214748
  0.78571429   0.42857143   7.10656545
  0.78571429   0.78571429   4.65930733
  0.78571429   0.64285714   5.26414439
  0.78571429   0.92857143   4.38247344
  0.78571429   0.35714286   8.12547875
  0.78571429   0.28571429   9.46703313
  0.78571429   0.57142857   5.72533288
  0.78571429   0.71428571   4.91503506
  0.78571429   0.50000000   6.32607172
  0.78571429   0.00000000  20.00226181
  0.78571429   1.00000000   4.34895671
  0.82142857   0.25000000   9.35064302
  0.82142857   0.32142857   7.84600356
  0.82142857   0.39285714   6.74002686
  0.82142857   0.46428571   5.91288484
  0.82142857   0.03571429  17.95951585
  0.82142857   0.10714286  14.27816994
  0.82142857   0.17857143  11.42745638
  0.82142857   0.82142857   3.98595053
  0.82142857   0.75000000   4.17702972
  0.82142857   0.96428571   3.80339789
  0.82142857   0.89285714   3.86334040
  0.82142857   0.53571429   5.28609141
  0.82142857   0.60714286   4.80844864
  0.82142857   0.67857143   4.44623348
  0.85714286   0.57142857   4.30449478
  0.85714286   0.35714286   6.29631991
  0.85714286   0.92857143   3.25390609
  0.85714286   0.85714286   3.33241092
  0.85714286   0.07142857  15.30051842
  0.85714286   0.28571429   7.49278338
  0.85714286   0.78571429   3.46748145
  0.85714286   0.14285714  11.68429806
  0.85714286   0.21428571   9.19537335
  0.85714286   0.42857143   5.43003578
  0.85714286   0.64285714   3.93936741
  0.85714286   0.71428571   3.66608314
  0.85714286   0.50000000   4.78776350
  0.85714286   1.00000000   3.22814409
  0.85714286   0.00000000  20.00456397
  0.89285714   0.25000000   7.02673700
  0.89285714   0.32142857   5.74318369
  0.89285714   0.46428571   4.21234645
  0.89285714   0.39285714   4.85325430
  0.89285714   0.03571429  16.95703913
  0.89285714   0.10714286  12.06941842
  0.89285714   0.17857143   8.97171291
  0.89285714   0.82142857   2.78428572
  0.89285714   0.75000000   2.92249054
  0.89285714   0.89285714   2.69593943
  0.89285714   0.96428571   2.65284062
  0.89285714   0.60714286   3.38408475
  0.89285714   0.53571429   3.73877456
  0.89285714   0.67857143   3.11833698
  0.92857143   0.42857143   3.53601704
  0.92857143   0.57142857   2.76783443
  0.92857143   0.35714286   4.14822346
  0.92857143   0.28571429   5.03064785
  0.92857143   0.07142857  12.70838693
  0.92857143   0.21428571   6.37879443
  0.92857143   0.14285714   8.61469837
  0.92857143   0.92857143   2.07301999
  0.92857143   0.78571429   2.21280152
  0.92857143   0.85714286   2.12432074
  0.92857143   0.64285714   2.52421048
  0.92857143   0.71428571   2.34341603
  0.92857143   0.50000000   3.09427882
  0.92857143   1.00000000   2.05620486
  0.92857143   0.00000000  20.00591942
  0.96428571   0.25000000   4.07874274
  0.96428571   0.32142857   3.26577919
  0.96428571   0.46428571   2.34963564
  0.96428571   0.39285714   2.72714604
  0.96428571   0.03571429  13.99948821
  0.96428571   0.10714286   7.95292238
  0.96428571   0.17857143   5.41739268
  0.96428571   0.82142857   1.53327549
  0.96428571   0.75000000   1.61102991
  0.96428571   0.89285714   1.48369093
  0.96428571   0.96428571   1.45953433
  0.96428571   0.60714286   1.87250670
  0.96428571   0.53571429   2.07548302
  0.96428571   0.67857143   1.72162279
  1.00000000   1.00000000   0.85091368
  1.00000000   0.92857143   0.85794709
  1.00000000   0.85714286   0.87941628
  1.00000000   0.78571429   0.91648573
  1.00000000   0.71428571   0.97130485
  1.00000000   0.64285714   1.04738720
  1.00000000   0.57142857   1.15030897
  1.00000000   0.50000000   1.28900396
  1.00000000   0.42857143   1.47827612
  1.00000000   0.35714286   1.74404025
  1.00000000   0.21428571   2.75675467
  1.00000000   0.14285714   3.87243629
  1.00000000   0.07142857   6.39699902
  1.00000000   0.00000000  19.59385885
  1.00000000   0.28571429   2.13540869
421.00000000 421.00000000 421.00000000
