141
0.0 0.020971302 -0.016666667 26.370583163005353
1.0 0.020971302 -0.015099338 27.618635486823898
2.0 0.020971302 -0.013509934 30.61458134731038
3.0 0.020971302 -0.011942605 33.69959355045125
4.0 0.020971302 -0.010375276 36.789820670993585
5.0 0.020971302 -0.008807947 39.87335362749954
6.0 0.020971302 -0.007240618 42.95174633669056
7.0 0.020971302 -0.005342163 42.953412472131326
8.0 0.019337748 -0.005342163 42.952459363127765
9.0 0.017704194 -0.005342163 42.94961043638012
10.0 0.01607064 -0.005342163 42.94485681433711
11.0 0.014437086 -0.005342163 42.93815053005759
12.0 0.012825607 -0.005342163 42.92933382005153
13.0 0.011346578 -0.004790287 42.92016067774977
14.0 0.010750552 -0.003333333 42.91698972496811
15.0 0.010750552 -0.003311258 42.91699019943324
16.0 0.011103753 -0.001743929 42.9182817051359
17.0 0.011236203 -1.3245E-4 42.920911988367095
18.0 0.011147903 0.001479029 42.925012115845085
19.0 0.010816777 0.003068433 42.93033970341
20.0 0.010264901 0.004569536 42.93632231466461
21.0 0.009492274 0.006004415 42.94282565754072
22.0 0.008543046 0.007306843 42.949311045243476
23.0 0.007395143 0.008454746 42.95551972954483
24.0 0.00611479 0.009426049 42.96092624028135
25.0 0.004701987 0.010198675 42.96538993816666
26.0 0.003200883 0.010772627 42.96875641930193
27.0 0.001611479 0.011125828 42.970897508590134
28.0 0.0 0.011236203 42.97163160011458
29.0 0.0 0.01 42.970028970140156
30.0 0.001743929 0.009845475 42.96898830615177
31.0 0.003421634 0.009381898 42.96596645915168
32.0 0.004988962 0.008653422 42.96123992364507
33.0 0.006423841 0.007660044 42.95499229506204
34.0 0.007660044 0.006423841 42.947693286615625
35.0 0.008653422 0.004988962 42.939934783476964
36.0 0.009381898 0.003421634 42.93245202160465
37.0 0.009845475 0.001743929 42.925750276371915
38.0 0.009977925 0.0 42.920566930678525
39.0 0.009845475 -0.001743929 42.91735374237743
40.0 0.009381898 -0.003421634 42.91547550298322
41.0 0.008653422 -0.004988962 42.91168814943437
42.0 0.007660044 -0.006423841 42.90248905998111
43.0 0.006423841 -0.007660044 42.88846276560581
44.0 0.004988962 -0.008653422 42.876622002878925
45.0 0.003421634 -0.009381898 42.868090723773
46.0 0.001743929 -0.009845475 42.86280739349687
47.0 0.0 -0.01 42.86102442097392
48.0 0.0 -0.011236203 42.86126240977338
49.0 0.001390728 -0.011125828 42.86225269394138
50.0 0.002759382 -0.010816777 42.865028510402446
51.0 0.00410596 -0.010441501 42.8693638768422
52.0 0.005342163 -0.009801325 42.87566503370389
53.0 0.006556291 -0.009116998 42.88357757109551
54.0 0.007593819 -0.008189845 42.89299944160871
55.0 0.008609272 -0.007240618 42.90490602701092
56.0 0.010375276 -0.007240618 42.9161185558824
57.0 0.01214128 -0.007240618 42.92516130613228
58.0 0.013907285 -0.007240618 42.93419879451874
59.0 0.015673289 -0.007240618 42.941816044163374
60.0 0.017439294 -0.007240618 42.94732912815382
61.0 0.019205298 -0.007240618 42.9506441233926
62.0 0.011059603 -0.005871965 42.919633312416195
63.0 0.009426049 -0.00607064 42.912126948072874
64.0 0.010198675 -0.004547461 42.916407864980236
65.0 0.0 -0.012604857 38.04469261534832
66.0 0.0 -0.013951435 33.744355092870606
67.0 0.0 -0.015298013 29.693074242048336
68.0 0.0 -0.016666667 25.73257830254373
69.0 0.001743929 -0.016666667 25.664294256394125
70.0 0.003487859 -0.016666667 25.473927706389507
71.0 0.005231788 -0.016666667 25.20566709445314
72.0 0.006997792 -0.016666667 24.923350061715382
73.0 0.008741722 -0.016666667 24.669530311934004
74.0 0.010485651 -0.016666667 24.468239909511663
75.0 0.012229581 -0.016666667 24.315009160094274
76.0 0.01397351 -0.016666667 24.218696050030303
77.0 0.015717439 -0.016666667 24.162611689425006
78.0 0.017461369 -0.016666667 24.14794585648025
79.0 0.019227373 -0.016666667 24.376914582196807
80.0 0.019779249 -0.015584989 26.308448189527866
81.0 0.001147903 -0.015717439 28.420245423597535
82.0 0.019801325 -0.008300221 40.871819600764454
83.0 0.001103753 -0.01214128 39.45798520021771
84.0 0.001346578 -0.014525386 31.896996592570314
85.0 0.001368653 -0.013289183 35.668655777220124
86.0 0.019514349 -0.009668874 38.18407411396337
87.0 0.019426049 -0.01419426 29.203717015221834
88.0 0.019337748 -0.011169978 35.2261430912502
89.0 0.002582781 -0.012384106 38.03395024338855
90.0 0.019028698 -0.012693157 32.2062493691984
91.0 0.00397351 -0.01187638 38.71021352800435
92.0 0.018256071 -0.015364238 26.838345601632533
93.0 0.018300221 -0.008565121 40.358676919646555
94.0 0.002626932 -0.015408389 29.10757758535604
95.0 0.016600442 -0.015298013 26.9767306056668
96.0 0.014856512 -0.015320088 26.99318274685259
97.0 0.013024283 -0.015253863 27.26582727477492
98.0 0.011192053 -0.014988962 28.062182879755152
99.0 0.009514349 -0.015298013 27.686040526716386
100.0 0.007704194 -0.015320088 28.043867440061764
101.0 0.00602649 -0.015298013 28.55798645177506
102.0 0.004216336 -0.015143488 29.465456843504807
103.0 0.016666667 -0.008675497 40.16253201987254
104.0 0.014922737 -0.008697572 40.16424392387083
105.0 0.013112583 -0.008741722 40.174054972368396
106.0 0.011346578 -0.008653422 40.516502634910786
107.0 0.009448124 -0.008697572 40.890589969312686
108.0 0.00803532 -0.009668874 40.240196035290126
109.0 0.005386313 -0.011258278 39.22953945349089
110.0 0.006710817 -0.010573951 39.62735357683329
111.0 0.002759382 -0.013995585 33.12890013582651
112.0 0.003951435 -0.013355408 34.50079739468507
113.0 0.005253863 -0.01406181 32.00648762209327
114.0 0.005386313 -0.012715232 35.45009407186706
115.0 0.006799117 -0.013774834 32.07016368951804
116.0 0.006732892 -0.012119205 36.076830123197425
117.0 0.008057395 -0.011280353 37.079970067746146
118.0 0.008145695 -0.012803532 33.72799944182548
119.0 0.008344371 -0.014172185 30.550713537890957
120.0 0.009359823 -0.010463576 37.9583471260649
121.0 0.010662252 -0.009889625 38.49374124542499
122.0 0.009492274 -0.01209713 34.6663728919212
123.0 0.009735099 -0.013752759 31.055311126181607
124.0 0.010838852 -0.011346578 35.70054750077147
125.0 0.010949227 -0.013046358 32.23797583385572
126.0 0.012339956 -0.013774834 30.449267412714374
127.0 0.014083885 -0.014039735 29.690908642389655
128.0 0.01584989 -0.013995585 29.662152950037335
129.0 0.012339956 -0.010264901 37.429319604151
130.0 0.012163355 -0.01200883 34.08025453229532
131.0 0.013421634 -0.012781457 32.32758024940662
132.0 0.013730684 -0.011434879 34.97084387552249
133.0 0.014216336 -0.010110375 37.49717599098054
134.0 0.014988962 -0.012715232 32.30425901692839
135.0 0.016092715 -0.010110375 37.38567413099379
136.0 0.016887417 -0.012715232 32.2009940222003
137.0 0.017505519 -0.011456954 34.68701276525735
138.0 0.017880795 -0.010022075 37.50787228931021
139.0 0.015584989 -0.011434879 34.81150414952058
140.0 0.017704194 -0.01397351 29.653316914218077
